0.000
211.526
211.526
211.526
211.526
211.526
211.526
211.526
211.526
211.526
211.526
211.526
211.526
211.526
211.526
211.526
211.526
211.526
211.526
211.526
211.526
211.526
211.526
211.526
211.526
211.526
211.526
211.526
211.526
211.526
211.526
211.526
211.527
211.527
211.527
211.527
211.527
211.526
202.864
200.769
199.494
198.127
196.675
195.241
193.896
192.674
191.591
190.653
189.812
189.057
188.398
187.855
187.448
187.171
186.974
186.823
186.690
186.551
186.413
186.273
186.115
186.004
185.901
185.728
185.637
185.498
185.288
184.974
184.557
184.076
183.603
183.196
182.878
182.647
182.487
182.380
182.309
182.264
182.234
182.204
182.184
182.184
182.184
182.184
182.184
182.184
182.184
182.184
182.184
182.184
182.184
182.184
182.184
182.184
182.184
182.184
182.184
182.184
182.184
182.184
182.184
