-1.145 3.995 0.278 -0.175 1.672 0.034 -0.048 0.010 0.116 -0.280 -2.793 1.041 0.661 -0.018 0.037 0.423 0.240 -0.160 1.043 -0.214 0.095 0.097 -0.163 0.141 -1.530 0.113 1.889 0.760 -0.165 0.354 20.643 0.017 0.396 341.104 15.093 0.424
-1.145 3.995 0.278 -0.175 1.672 0.034 -0.048 0.010 0.116 -0.280 -2.793 1.041 0.661 0.000 0.000 0.423 0.240 -0.160 1.043 -0.214 0.095 0.097 -0.163 0.141 -1.530 0.113 1.889 0.760 -0.165 0.354 20.643 0.017 0.396 341.104 15.093 0.424
-1.140 4.007 0.275 -0.158 1.662 0.047 -0.043 0.007 0.116 -0.280 -2.789 0.942 0.661 0.000 0.000 0.427 0.238 -0.158 1.036 -0.211 -0.124 0.100 -0.223 0.196 -1.520 0.137 1.890 0.768 -0.171 0.353 20.643 0.017 0.396 341.104 15.093 0.424
-1.140 4.007 0.275 -0.158 1.662 0.047 -0.043 0.007 0.116 -0.280 -2.789 0.942 0.661 0.000 0.000 0.427 0.238 -0.158 1.036 -0.211 -0.124 0.100 -0.223 0.196 -1.520 0.137 1.890 0.768 -0.171 0.353 20.643 0.017 0.396 341.104 15.093 0.424
-1.140 4.007 0.275 -0.158 1.662 0.047 -0.043 0.007 0.116 -0.280 -2.789 0.942 0.661 0.000 0.000 0.427 0.238 -0.158 1.036 -0.211 -0.124 0.100 -0.223 0.196 -1.520 0.137 1.890 0.768 -0.171 0.353 20.643 0.017 0.396 341.104 15.093 0.424
-1.140 4.007 0.275 -0.158 1.662 0.047 -0.043 0.007 0.116 -0.280 -2.789 0.942 0.661 0.000 0.000 0.427 0.238 -0.158 1.036 -0.211 -0.124 0.100 -0.223 0.196 -1.520 0.137 1.890 0.768 -0.171 0.353 20.643 0.017 0.396 341.104 15.093 0.424
-1.140 4.007 0.275 -0.158 1.662 0.047 -0.043 0.007 0.116 -0.280 -2.789 0.942 0.661 0.000 0.000 0.427 0.238 -0.158 1.036 -0.211 -0.124 0.100 -0.223 0.196 -1.520 0.137 1.890 0.768 -0.171 0.353 20.643 0.017 0.396 341.104 15.093 0.424
-1.140 4.007 0.275 -0.158 1.662 0.047 -0.043 0.007 0.116 -0.280 -2.789 0.942 0.661 0.000 0.000 0.427 0.238 -0.158 1.036 -0.211 -0.124 0.100 -0.223 0.196 -1.520 0.137 1.890 0.768 -0.171 0.353 20.643 0.017 0.396 341.104 15.093 0.424
-1.140 4.007 0.275 -0.158 1.662 0.047 -0.043 0.007 0.116 -0.280 -2.789 0.942 0.661 0.000 0.000 0.427 0.238 -0.158 1.036 -0.211 -0.124 0.100 -0.223 0.196 -1.520 0.137 1.890 0.768 -0.171 0.353 20.643 0.017 0.396 341.104 15.093 0.424
-1.140 4.007 0.275 -0.158 1.662 0.047 -0.043 0.007 0.116 -0.280 -2.789 0.942 0.661 0.000 0.000 0.427 0.238 -0.158 1.036 -0.211 -0.124 0.100 -0.223 0.196 -1.520 0.137 1.890 0.768 -0.171 0.353 20.643 0.017 0.396 341.104 15.093 0.424
-1.140 4.007 0.275 -0.158 1.662 0.047 -0.043 0.007 0.116 -0.280 -2.789 0.942 0.661 0.000 0.000 0.427 0.238 -0.158 1.036 -0.211 -0.124 0.100 -0.223 0.196 -1.520 0.137 1.890 0.768 -0.171 0.353 20.643 0.017 0.396 341.104 15.093 0.424
-1.140 4.007 0.275 -0.158 1.662 0.047 -0.043 0.007 0.116 -0.280 -2.789 0.942 0.661 0.000 0.000 0.427 0.238 -0.158 1.036 -0.211 -0.124 0.100 -0.223 0.196 -1.520 0.137 1.890 0.768 -0.171 0.353 20.643 0.017 0.396 341.104 15.093 0.424
-1.140 4.007 0.275 -0.158 1.662 0.047 -0.043 0.007 0.116 -0.280 -2.789 0.942 0.661 0.000 0.000 0.427 0.238 -0.158 1.036 -0.211 -0.124 0.100 -0.223 0.196 -1.520 0.137 1.890 0.768 -0.171 0.353 20.643 0.017 0.396 341.104 15.093 0.424
-1.140 4.007 0.275 -0.158 1.662 0.047 -0.043 0.007 0.116 -0.280 -2.789 0.942 0.661 0.000 0.000 0.427 0.238 -0.158 1.036 -0.211 -0.124 0.100 -0.223 0.196 -1.520 0.137 1.890 0.768 -0.171 0.353 20.643 0.017 0.396 341.104 15.093 0.424
-1.140 4.007 0.275 -0.158 1.662 0.047 -0.043 0.007 0.116 -0.280 -2.789 0.942 0.661 0.000 0.000 0.427 0.238 -0.158 1.036 -0.211 -0.124 0.100 -0.223 0.196 -1.520 0.137 1.890 0.768 -0.171 0.353 20.643 0.017 0.396 341.104 15.093 0.424
-1.140 4.007 0.275 -0.158 1.662 0.047 -0.043 0.007 0.116 -0.280 -2.789 0.942 0.661 0.000 0.000 0.427 0.238 -0.158 1.036 -0.211 -0.124 0.100 -0.223 0.196 -1.520 0.137 1.890 0.768 -0.171 0.353 20.643 0.017 0.396 341.104 15.093 0.424
-1.140 4.007 0.275 -0.158 1.662 0.047 -0.043 0.007 0.116 -0.280 -2.789 0.942 0.661 0.000 0.000 0.427 0.238 -0.158 1.036 -0.211 -0.124 0.100 -0.223 0.196 -1.520 0.137 1.890 0.768 -0.171 0.353 20.643 0.017 0.396 341.104 15.093 0.424
-1.140 4.007 0.275 -0.158 1.662 0.047 -0.043 0.007 0.116 -0.280 -2.789 0.942 0.661 0.000 0.000 0.427 0.238 -0.158 1.036 -0.211 -0.124 0.100 -0.223 0.196 -1.520 0.137 1.890 0.768 -0.171 0.353 20.643 0.017 0.396 341.104 15.093 0.424
-1.140 4.007 0.275 -0.158 1.662 0.047 -0.043 0.007 0.116 -0.280 -2.789 0.942 0.661 0.000 0.000 0.427 0.238 -0.158 1.036 -0.211 -0.124 0.100 -0.223 0.196 -1.520 0.137 1.890 0.768 -0.171 0.353 20.643 0.017 0.396 341.104 15.093 0.424
-1.140 4.007 0.275 -0.158 1.662 0.047 -0.043 0.007 0.116 -0.280 -2.789 0.942 0.661 0.000 0.000 0.427 0.238 -0.158 1.036 -0.211 -0.124 0.100 -0.223 0.196 -1.520 0.137 1.890 0.768 -0.171 0.353 20.643 0.017 0.396 341.104 15.093 0.424
-1.140 4.007 0.275 -0.158 1.662 0.047 -0.043 0.007 0.116 -0.280 -2.789 0.942 0.661 0.000 0.000 0.427 0.238 -0.158 1.036 -0.211 -0.124 0.100 -0.223 0.196 -1.520 0.137 1.890 0.768 -0.171 0.353 20.643 0.017 0.396 341.104 15.093 0.424
-1.140 4.007 0.275 -0.158 1.662 0.047 -0.043 0.007 0.116 -0.280 -2.789 0.942 0.661 0.000 0.000 0.427 0.238 -0.158 1.036 -0.211 -0.124 0.100 -0.223 0.196 -1.520 0.137 1.890 0.768 -0.171 0.353 20.643 0.017 0.396 341.104 15.093 0.424
-1.140 4.007 0.275 -0.158 1.662 0.047 -0.043 0.007 0.116 -0.280 -2.789 0.942 0.661 0.000 0.000 0.427 0.238 -0.158 1.036 -0.211 -0.124 0.100 -0.223 0.196 -1.520 0.137 1.890 0.768 -0.171 0.353 20.643 0.017 0.396 341.104 15.093 0.424
-1.140 4.007 0.275 -0.158 1.662 0.047 -0.043 0.007 0.116 -0.280 -2.789 0.942 0.661 0.000 0.000 0.427 0.238 -0.158 1.036 -0.211 -0.124 0.100 -0.223 0.196 -1.520 0.137 1.890 0.768 -0.171 0.353 20.643 0.017 0.396 341.104 15.093 0.424
-1.140 4.007 0.275 -0.158 1.662 0.047 -0.043 0.007 0.116 -0.280 -2.789 0.942 0.661 0.000 0.000 0.427 0.238 -0.158 1.036 -0.211 -0.124 0.100 -0.223 0.196 -1.520 0.137 1.890 0.768 -0.171 0.353 20.643 0.017 0.396 341.104 15.093 0.424
-1.139 4.006 0.275 -0.158 1.662 0.047 -0.043 0.007 0.116 -0.280 -2.788 0.942 0.661 0.000 0.000 0.427 0.238 -0.158 1.036 -0.211 -0.124 0.100 -0.223 0.196 -1.520 0.137 1.890 0.768 -0.171 0.353 20.643 0.017 0.396 341.104 15.093 0.424
-0.362 2.134 0.448 -1.204 0.340 0.055 -0.042 0.000 0.115 -0.284 -2.719 0.835 0.647 0.000 0.000 0.763 0.123 0.013 0.550 -0.005 0.909 0.519 -2.964 -0.043 -0.845 0.091 1.930 0.692 -0.155 0.317 20.643 0.017 0.396 341.104 15.093 0.424
-0.361 2.127 0.447 -1.198 0.326 0.076 -0.033 0.000 0.115 -0.284 -2.683 0.707 0.643 0.000 0.000 0.761 0.122 0.011 0.549 0.000 0.911 0.511 -2.942 -0.043 -0.841 0.000 1.937 0.667 -0.140 0.318 20.643 0.017 0.396 341.104 15.093 0.424
-0.355 2.125 0.445 -1.188 0.311 0.077 -0.034 0.000 0.114 -0.283 -2.663 0.663 0.640 0.000 0.000 0.757 0.120 0.005 0.551 0.000 0.964 0.488 -2.885 -0.056 -0.841 0.000 1.914 0.651 -0.131 0.319 20.643 0.017 0.396 341.104 15.093 0.424
-0.351 2.104 0.445 -1.184 0.303 0.077 -0.034 0.000 0.114 -0.282 -2.649 0.636 0.638 0.000 0.000 0.755 0.120 0.004 0.550 0.000 0.963 0.482 -2.851 -0.055 -0.837 0.000 1.877 0.645 -0.130 0.320 20.643 0.017 0.396 341.104 15.093 0.424
-0.345 2.082 0.443 -1.178 0.290 0.077 -0.034 0.000 0.113 -0.280 -2.631 0.606 0.634 0.000 0.000 0.751 0.119 0.000 0.548 0.000 1.016 0.470 -2.786 -0.068 -0.829 0.000 1.835 0.639 -0.129 0.321 20.643 0.017 0.396 341.104 15.093 0.424
-0.339 2.051 0.443 -1.173 0.280 0.078 -0.035 0.000 0.113 -0.278 -2.611 0.570 0.631 0.000 0.000 0.747 0.118 0.000 0.545 0.000 1.010 0.462 -2.739 -0.067 -0.821 0.000 1.781 0.631 -0.127 0.322 20.643 0.017 0.396 341.104 15.093 0.424
-0.333 2.019 0.441 -1.165 0.268 0.079 -0.035 0.000 0.112 -0.276 -2.585 0.528 0.626 0.000 0.000 0.742 0.117 0.000 0.542 0.000 1.040 0.450 -2.662 -0.075 -0.811 0.000 1.719 0.622 -0.125 0.323 20.643 0.017 0.396 341.104 15.093 0.424
-0.326 1.977 0.440 -1.157 0.255 0.079 -0.036 0.000 0.111 -0.272 -2.556 0.479 0.621 0.000 0.000 0.736 0.116 0.000 0.538 0.000 1.025 0.438 -2.595 -0.071 -0.799 0.000 1.643 0.610 -0.122 0.325 20.643 0.017 0.396 341.104 15.093 0.424
-0.320 1.942 0.437 -1.143 0.247 0.080 -0.037 0.000 0.109 -0.269 -2.522 0.423 0.614 0.000 0.000 0.727 0.114 0.000 0.533 0.000 1.032 0.422 -2.492 -0.073 -0.793 0.000 1.557 0.598 -0.119 0.327 20.643 0.017 0.396 341.104 15.093 0.424
-0.315 1.907 0.434 -1.124 0.243 0.081 -0.038 0.000 0.108 -0.264 -2.482 0.359 0.607 0.000 0.000 0.718 0.113 0.000 0.526 0.000 1.010 0.404 -2.379 -0.068 -0.790 0.000 1.456 0.584 -0.115 0.329 20.643 0.017 0.396 341.104 15.093 0.424
-0.308 1.863 0.431 -1.103 0.236 0.083 -0.039 0.000 0.106 -0.259 -2.436 0.290 0.598 0.000 0.000 0.705 0.111 0.000 0.518 0.000 0.979 0.384 -2.258 -0.060 -0.783 0.000 1.343 0.569 -0.111 0.332 20.643 0.017 0.396 341.104 15.093 0.424
-0.300 1.812 0.426 -1.077 0.229 0.084 -0.040 0.000 0.104 -0.252 -2.383 0.217 0.588 0.000 0.000 0.691 0.109 0.000 0.508 0.000 0.940 0.362 -2.122 -0.050 -0.774 0.000 1.218 0.551 -0.107 0.335 20.643 0.017 0.396 341.104 15.093 0.424
-0.292 1.756 0.421 -1.046 0.222 0.086 -0.042 0.000 0.101 -0.245 -2.323 0.141 0.576 0.000 0.000 0.674 0.106 0.000 0.496 0.000 0.893 0.337 -1.975 -0.039 -0.762 0.000 1.084 0.532 -0.102 0.338 20.643 0.017 0.396 341.104 15.093 0.424
-0.282 1.694 0.414 -1.008 0.214 0.088 -0.044 0.000 0.098 -0.237 -2.255 0.065 0.562 0.000 0.000 0.654 0.103 0.000 0.482 0.000 0.841 0.310 -1.816 -0.026 -0.745 0.000 0.944 0.512 -0.097 0.341 20.643 0.017 0.396 341.104 15.093 0.424
-0.272 1.627 0.406 -0.963 0.206 0.090 -0.046 0.000 0.095 -0.228 -2.180 0.000 0.546 0.000 0.000 0.629 0.099 0.000 0.464 0.000 0.785 0.281 -1.649 -0.013 -0.723 0.000 0.803 0.490 -0.092 0.344 20.643 0.017 0.396 341.104 15.093 0.424
-0.263 1.552 0.397 -0.911 0.198 0.092 -0.048 0.000 0.092 -0.219 -2.112 0.000 0.529 0.000 0.000 0.600 0.094 0.000 0.444 0.000 0.727 0.251 -1.474 0.000 -0.695 0.000 0.675 0.470 -0.088 0.347 20.643 0.017 0.396 341.104 15.093 0.424
-0.249 1.455 0.389 -0.861 0.174 0.094 -0.050 0.000 0.089 -0.211 -2.028 0.000 0.508 0.000 0.000 0.566 0.089 0.000 0.423 0.000 0.727 0.230 -1.307 0.000 -0.646 0.000 0.555 0.446 -0.083 0.348 20.643 0.017 0.396 341.104 15.093 0.424
-0.233 1.358 0.378 -0.802 0.151 0.096 -0.051 0.000 0.087 -0.203 -1.930 0.000 0.484 0.000 0.000 0.528 0.083 0.000 0.399 0.000 0.722 0.208 -1.139 0.000 -0.592 0.000 0.447 0.420 -0.079 0.348 20.643 0.017 0.396 341.104 15.093 0.424
-0.218 1.258 0.367 -0.737 0.128 0.098 -0.053 0.000 0.084 -0.196 -1.820 0.000 0.457 0.000 0.000 0.488 0.076 0.000 0.373 0.000 0.714 0.187 -0.975 0.000 -0.533 0.000 0.355 0.393 -0.075 0.348 20.643 0.017 0.396 341.104 15.093 0.424
-0.202 1.156 0.354 -0.666 0.104 0.100 -0.055 0.000 0.082 -0.189 -1.696 0.000 0.426 0.000 0.000 0.444 0.070 0.000 0.345 0.000 0.704 0.167 -0.818 0.000 -0.470 0.000 0.278 0.365 -0.072 0.346 20.643 0.017 0.396 341.104 15.093 0.424
-0.185 1.051 0.341 -0.591 0.080 0.101 -0.056 0.000 0.079 -0.183 -1.560 0.000 0.393 0.000 0.000 0.398 0.062 0.000 0.316 0.000 0.692 0.148 -0.671 0.000 -0.405 0.000 0.215 0.335 -0.068 0.342 20.643 0.017 0.396 341.104 15.093 0.424
-0.168 0.939 0.327 -0.516 0.056 0.103 -0.057 0.000 0.078 -0.178 -1.414 0.000 0.357 0.000 0.000 0.353 0.055 0.000 0.286 0.000 0.677 0.131 -0.536 0.000 -0.340 0.000 0.165 0.303 -0.065 0.338 20.643 0.017 0.396 341.104 15.093 0.424
-0.151 0.824 0.314 -0.443 0.033 0.104 -0.058 0.000 0.076 -0.173 -1.260 0.000 0.319 0.000 0.000 0.308 0.048 0.000 0.256 0.000 0.658 0.116 -0.416 0.000 -0.279 0.000 0.126 0.271 -0.063 0.332 20.643 0.017 0.396 341.104 15.093 0.424
-0.134 0.702 0.302 -0.376 0.000 0.105 -0.058 0.000 0.074 -0.168 -1.101 0.000 0.279 0.000 0.000 0.266 0.042 0.000 0.228 0.000 0.635 0.104 -0.313 0.000 -0.223 0.000 0.095 0.240 -0.060 0.325 20.643 0.017 0.396 341.104 15.093 0.424
-0.118 0.578 0.290 -0.315 0.000 0.106 -0.059 0.000 0.073 -0.164 -0.940 0.000 0.240 0.000 0.000 0.227 0.036 0.000 0.201 0.000 0.607 0.093 -0.225 0.000 -0.175 0.000 0.071 0.211 -0.058 0.318 20.643 0.017 0.396 341.104 15.093 0.424
