-0.460 4.269 0.227 -0.033 1.263 0.543 0.059 -0.098 0.008 0.008 -1.595 -1.165 0.468 -0.132 0.410 0.614 0.182 -0.125 0.774 -0.201 -0.001 -0.141 -0.250 0.180 -1.496 -0.188 -2.199 -0.076 0.063 0.400 20.678 0.029 0.266 341.101 14.786 0.157
-0.460 4.269 0.227 -0.033 1.263 0.543 0.059 -0.098 0.008 0.008 -1.595 -1.165 0.468 -0.132 0.410 0.614 0.182 -0.125 0.774 -0.201 -0.001 -0.141 -0.250 0.180 -1.496 -0.188 -2.199 -0.076 0.063 0.400 20.678 0.029 0.266 341.101 14.786 0.157
-0.460 4.269 0.227 -0.033 1.263 0.543 0.059 -0.098 0.008 0.008 -1.595 -1.165 0.468 -0.132 0.410 0.614 0.182 -0.125 0.774 -0.201 -0.001 -0.141 -0.250 0.180 -1.496 -0.188 -2.199 -0.076 0.063 0.400 20.678 0.029 0.266 341.101 14.786 0.157
-0.460 4.269 0.227 -0.033 1.262 0.543 0.059 -0.098 0.008 0.008 -1.595 -1.165 0.468 -0.132 0.410 0.614 0.182 -0.125 0.774 -0.201 -0.001 -0.141 -0.250 0.180 -1.496 -0.188 -2.199 -0.076 0.063 0.400 20.678 0.029 0.266 341.101 14.786 0.157
-0.460 4.269 0.227 -0.033 1.262 0.543 0.059 -0.098 0.008 0.008 -1.595 -1.165 0.468 -0.132 0.410 0.614 0.182 -0.125 0.774 -0.201 -0.001 -0.141 -0.250 0.180 -1.496 -0.188 -2.199 -0.076 0.063 0.400 20.678 0.029 0.266 341.101 14.786 0.157
-0.460 4.269 0.227 -0.033 1.262 0.543 0.059 -0.098 0.008 0.008 -1.595 -1.165 0.468 -0.132 0.410 0.614 0.182 -0.125 0.774 -0.201 -0.001 -0.141 -0.250 0.180 -1.496 -0.188 -2.199 -0.076 0.063 0.400 20.678 0.029 0.266 341.101 14.786 0.157
-0.013 -0.400 0.249 0.007 -0.006 0.124 -0.049 -0.005 0.075 -0.170 0.000 -0.006 0.034 -0.142 0.020 1.129 0.001 0.035 -0.020 -0.001 -0.030 0.003 0.002 0.188 -0.000 -0.009 -0.005 0.265 -0.056 0.335 0.054 0.014 0.713 341.270 6.876 0.191
0.000 -0.395 0.248 0.009 -0.011 0.121 -0.050 -0.004 0.075 -0.170 0.000 0.000 0.031 -0.128 0.000 1.100 0.000 -0.000 0.000 0.000 -0.000 -0.000 0.000 0.180 -0.000 -0.000 0.000 0.275 -0.058 0.335 0.053 0.014 0.760 341.270 6.876 0.192
0.000 -0.395 0.248 0.009 -0.011 0.121 -0.050 -0.004 0.075 -0.170 0.000 0.000 0.031 -0.128 0.000 1.100 0.000 -0.000 0.000 0.000 -0.000 -0.000 -0.000 0.180 -0.000 -0.000 0.000 0.275 -0.058 0.335 0.053 0.014 0.760 341.270 6.876 0.192
0.000 -0.395 0.248 0.009 -0.011 0.121 -0.050 -0.004 0.075 -0.170 0.000 0.000 0.031 -0.128 0.000 1.100 0.000 -0.000 0.000 0.000 -0.000 -0.000 -0.000 0.180 -0.000 -0.000 0.000 0.275 -0.058 0.335 0.053 0.014 0.760 341.270 6.876 0.192
-0.000 -0.395 0.249 0.008 -0.008 0.119 -0.051 -0.004 0.075 -0.169 0.000 -0.000 0.031 -0.127 -0.000 1.060 -0.000 -0.000 0.000 0.000 0.000 0.000 -0.000 0.180 -0.000 -0.000 -0.000 0.272 -0.058 0.335 0.053 0.014 0.760 341.272 6.876 0.193
0.000 -0.395 0.249 0.008 -0.008 0.119 -0.051 -0.004 0.075 -0.169 -0.000 0.000 0.031 -0.127 0.000 1.060 0.000 0.000 0.000 -0.000 0.000 -0.000 0.000 0.180 0.000 -0.000 -0.000 0.272 -0.058 0.335 0.053 0.014 0.760 341.272 6.876 0.193
0.000 -0.395 0.249 0.008 -0.008 0.119 -0.051 -0.004 0.075 -0.169 0.000 -0.000 0.031 -0.127 -0.000 1.060 0.000 0.000 0.000 -0.000 0.000 0.000 -0.000 0.180 -0.000 -0.000 0.000 0.272 -0.058 0.335 0.053 0.014 0.760 341.272 6.876 0.193
0.000 -0.395 0.249 0.008 -0.008 0.119 -0.051 -0.004 0.075 -0.169 -0.000 0.000 0.031 -0.127 0.000 1.060 -0.000 -0.000 0.000 -0.000 0.000 -0.000 0.000 0.180 -0.000 -0.000 -0.000 0.272 -0.058 0.335 0.053 0.014 0.760 341.272 6.876 0.193
0.000 -0.395 0.249 0.008 -0.008 0.119 -0.051 -0.004 0.075 -0.169 -0.000 0.000 0.031 -0.127 -0.000 1.060 0.000 0.000 0.000 0.000 0.000 0.000 -0.000 0.180 0.000 -0.000 0.000 0.272 -0.058 0.335 0.053 0.014 0.760 341.272 6.876 0.193
0.000 -0.395 0.249 0.008 -0.008 0.119 -0.051 -0.004 0.075 -0.169 0.000 -0.000 0.031 -0.127 0.000 1.060 -0.000 -0.000 0.000 -0.000 0.000 0.000 -0.000 0.180 0.000 -0.000 -0.000 0.272 -0.058 0.335 0.053 0.014 0.760 341.272 6.876 0.193
0.000 -0.395 0.249 0.008 -0.008 0.119 -0.051 -0.004 0.075 -0.169 -0.000 0.000 0.031 -0.127 -0.000 1.060 0.000 0.000 0.000 0.000 0.000 -0.000 0.000 0.180 -0.000 -0.000 -0.000 0.272 -0.058 0.335 0.053 0.014 0.760 341.272 6.876 0.193
0.000 -0.395 0.249 0.008 -0.008 0.119 -0.051 -0.004 0.075 -0.169 0.000 -0.000 0.031 -0.127 0.000 1.060 -0.000 -0.000 0.000 -0.000 0.000 0.000 -0.000 0.180 0.000 -0.000 0.000 0.272 -0.058 0.335 0.053 0.014 0.760 341.272 6.876 0.193
0.000 -0.395 0.249 0.008 -0.008 0.119 -0.051 -0.004 0.075 -0.169 -0.000 0.000 0.031 -0.127 -0.000 1.060 0.000 0.000 0.000 0.000 0.000 -0.000 0.000 0.180 -0.000 -0.000 -0.000 0.272 -0.058 0.335 0.053 0.014 0.760 341.272 6.876 0.193
0.000 -0.395 0.249 0.008 -0.008 0.119 -0.051 -0.004 0.075 -0.169 0.000 -0.000 0.031 -0.127 0.000 1.060 -0.000 -0.000 0.000 -0.000 0.000 0.000 -0.000 0.180 0.000 -0.000 0.000 0.272 -0.058 0.335 0.053 0.014 0.760 341.272 6.876 0.193
0.000 -0.395 0.249 0.008 -0.008 0.119 -0.051 -0.004 0.075 -0.169 -0.000 0.000 0.031 -0.127 -0.000 1.060 0.000 0.000 0.000 0.000 0.000 -0.000 0.000 0.180 -0.000 -0.000 -0.000 0.272 -0.058 0.335 0.053 0.014 0.760 341.272 6.876 0.193
0.000 -0.395 0.249 0.005 0.000 0.111 -0.055 -0.001 0.074 -0.166 -0.000 0.000 0.030 -0.122 0.000 0.898 0.000 0.000 0.000 -0.000 0.000 -0.000 0.000 0.180 0.000 -0.000 0.000 0.261 -0.058 0.332 0.053 0.014 0.760 341.276 6.875 0.193
0.000 -0.395 0.249 0.005 -0.000 0.111 -0.055 -0.001 0.074 -0.166 0.000 -0.000 0.030 -0.122 -0.000 0.898 -0.000 -0.000 0.000 0.000 0.000 0.000 -0.000 0.180 -0.000 -0.000 -0.000 0.261 -0.058 0.332 0.053 0.014 0.760 341.276 6.875 0.193
0.000 -0.395 0.249 0.005 -0.000 0.111 -0.055 -0.001 0.074 -0.166 -0.000 0.000 0.030 -0.122 0.000 0.898 0.000 0.000 0.000 -0.000 0.000 -0.000 0.000 0.180 0.000 -0.000 -0.000 0.261 -0.058 0.332 0.053 0.014 0.760 341.276 6.875 0.193
-0.000 -0.395 0.249 0.005 -0.000 0.111 -0.055 -0.001 0.074 -0.166 0.000 -0.000 0.030 -0.122 -0.000 0.898 -0.000 -0.000 0.000 0.000 0.000 0.000 -0.000 0.180 -0.000 -0.000 -0.000 0.261 -0.058 0.332 0.053 0.014 0.760 341.276 6.875 0.193
0.000 -0.395 0.249 0.005 -0.000 0.111 -0.055 -0.001 0.074 -0.166 0.000 0.000 0.030 -0.122 -0.000 0.898 0.000 0.000 0.000 -0.000 0.000 -0.000 -0.000 0.180 0.000 -0.000 0.000 0.261 -0.058 0.332 0.053 0.014 0.760 341.276 6.875 0.193
0.000 -0.395 0.249 0.005 -0.000 0.111 -0.055 -0.001 0.074 -0.166 0.000 -0.000 0.030 -0.122 0.000 0.898 -0.000 -0.000 0.000 0.000 0.000 0.000 -0.000 0.180 0.000 -0.000 -0.000 0.261 -0.058 0.332 0.053 0.014 0.760 341.276 6.875 0.193
0.000 -0.395 0.249 0.005 -0.000 0.111 -0.055 -0.001 0.074 -0.166 -0.000 0.000 0.030 -0.122 -0.000 0.898 0.000 0.000 0.000 -0.000 0.000 0.000 0.000 0.180 -0.000 -0.000 0.000 0.261 -0.058 0.332 0.053 0.014 0.760 341.276 6.875 0.193
0.000 -0.395 0.249 0.005 -0.000 0.111 -0.055 -0.001 0.074 -0.166 0.000 -0.000 0.030 -0.122 -0.000 0.898 0.000 -0.000 0.000 0.000 0.000 -0.000 -0.000 0.180 -0.000 -0.000 -0.000 0.261 -0.058 0.332 0.053 0.014 0.760 341.276 6.875 0.193
0.000 -0.395 0.249 0.005 -0.000 0.111 -0.055 -0.001 0.074 -0.166 -0.000 0.000 0.030 -0.122 0.000 0.898 -0.000 -0.000 0.000 -0.000 0.000 0.000 0.000 0.180 0.000 -0.000 -0.000 0.261 -0.058 0.332 0.053 0.014 0.760 341.276 6.875 0.193
0.000 -0.395 0.249 0.005 -0.000 0.111 -0.055 -0.001 0.074 -0.166 0.000 -0.000 0.030 -0.122 0.000 0.898 0.000 0.000 0.000 -0.000 0.000 -0.000 -0.000 0.180 -0.000 -0.000 0.000 0.261 -0.058 0.332 0.053 0.014 0.760 341.276 6.875 0.193
0.000 -0.395 0.249 0.005 -0.000 0.111 -0.055 -0.001 0.074 -0.166 -0.000 -0.000 0.030 -0.122 -0.000 0.898 -0.000 -0.000 0.000 -0.000 0.000 0.000 -0.000 0.180 0.000 -0.000 -0.000 0.261 -0.058 0.332 0.053 0.014 0.760 341.276 6.875 0.193
0.000 -0.395 0.249 0.005 -0.000 0.111 -0.055 -0.001 0.074 -0.166 0.000 0.000 0.030 -0.122 0.000 0.898 0.000 0.000 0.000 0.000 0.000 -0.000 -0.000 0.180 -0.000 -0.000 -0.000 0.261 -0.058 0.332 0.053 0.014 0.760 341.276 6.875 0.193
0.000 -0.395 0.249 0.005 -0.000 0.111 -0.055 -0.001 0.074 -0.166 -0.000 -0.000 0.030 -0.122 -0.000 0.898 -0.000 -0.000 0.000 -0.000 0.000 0.000 0.000 0.180 0.000 -0.000 0.000 0.261 -0.058 0.332 0.053 0.014 0.760 341.276 6.875 0.193
0.000 -0.395 0.249 0.005 -0.000 0.111 -0.055 -0.001 0.074 -0.166 0.000 0.000 0.030 -0.122 0.000 0.898 0.000 0.000 0.000 0.000 0.000 -0.000 -0.000 0.180 -0.000 -0.000 -0.000 0.261 -0.058 0.332 0.053 0.014 0.760 341.276 6.875 0.193
-0.000 -0.395 0.249 0.005 -0.000 0.111 -0.055 -0.001 0.074 -0.166 -0.000 -0.000 0.030 -0.122 -0.000 0.898 -0.000 -0.000 0.000 -0.000 0.000 0.000 0.000 0.180 0.000 -0.000 -0.000 0.261 -0.058 0.332 0.053 0.014 0.760 341.276 6.875 0.193
0.000 -0.395 0.249 0.005 -0.000 0.111 -0.055 -0.001 0.074 -0.166 0.000 0.000 0.030 -0.122 0.000 0.898 0.000 0.000 0.000 0.000 0.000 -0.000 -0.000 0.180 -0.000 -0.000 0.000 0.261 -0.058 0.332 0.053 0.014 0.760 341.276 6.875 0.193
0.000 -0.395 0.249 0.005 -0.000 0.111 -0.055 -0.001 0.074 -0.166 -0.000 -0.000 0.030 -0.122 -0.000 0.898 -0.000 -0.000 0.000 -0.000 0.000 0.000 0.000 0.180 0.000 -0.000 -0.000 0.261 -0.058 0.332 0.053 0.014 0.760 341.276 6.875 0.193
-0.000 -0.395 0.249 0.005 -0.000 0.111 -0.055 -0.001 0.074 -0.166 0.000 0.000 0.030 -0.122 0.000 0.898 0.000 0.000 0.000 0.000 0.000 -0.000 -0.000 0.180 -0.000 -0.000 0.000 0.261 -0.058 0.332 0.053 0.014 0.760 341.276 6.875 0.193
0.000 -0.395 0.249 0.005 -0.000 0.111 -0.055 -0.001 0.074 -0.166 -0.000 -0.000 0.030 -0.122 -0.000 0.898 -0.000 -0.000 0.000 -0.000 0.000 0.000 0.000 0.180 0.000 -0.000 -0.000 0.261 -0.058 0.332 0.053 0.014 0.760 341.276 6.875 0.193
0.000 -0.395 0.249 0.005 -0.000 0.111 -0.055 -0.001 0.074 -0.166 0.000 0.000 0.030 -0.122 0.000 0.898 0.000 0.000 0.000 0.000 0.000 -0.000 -0.000 0.180 -0.000 -0.000 -0.000 0.261 -0.058 0.332 0.053 0.014 0.760 341.276 6.875 0.193
-0.000 -0.395 0.249 0.005 -0.000 0.111 -0.055 -0.001 0.074 -0.166 -0.000 -0.000 0.030 -0.122 -0.000 0.898 0.000 -0.000 0.000 -0.000 0.000 0.000 -0.000 0.180 0.000 -0.000 0.000 0.261 -0.058 0.332 0.053 0.014 0.760 341.276 6.875 0.193
0.000 -0.395 0.249 0.005 -0.000 0.111 -0.055 -0.001 0.074 -0.166 0.000 0.000 0.030 -0.122 0.000 0.898 -0.000 0.000 0.000 0.000 -0.000 -0.000 0.000 0.180 -0.000 -0.000 -0.000 0.261 -0.058 0.332 0.053 0.014 0.760 341.276 6.875 0.193
0.000 -0.395 0.249 0.005 -0.000 0.111 -0.055 -0.001 0.074 -0.166 -0.000 -0.000 0.030 -0.122 -0.000 0.898 0.000 -0.000 0.000 -0.000 0.000 0.000 -0.000 0.180 0.000 -0.000 0.000 0.261 -0.058 0.332 0.053 0.014 0.760 341.276 6.875 0.193
-0.000 -0.395 0.249 0.005 -0.000 0.111 -0.055 -0.001 0.074 -0.166 0.000 -0.000 0.030 -0.122 0.000 0.898 -0.000 0.000 0.000 0.000 -0.000 -0.000 0.000 0.180 -0.000 -0.000 -0.000 0.261 -0.058 0.332 0.053 0.014 0.760 341.276 6.875 0.193
0.000 -0.395 0.249 0.005 -0.000 0.111 -0.055 -0.001 0.074 -0.166 -0.000 -0.000 0.030 -0.122 -0.000 0.898 0.000 -0.000 0.000 -0.000 0.000 0.000 -0.000 0.180 0.000 -0.000 0.000 0.261 -0.058 0.332 0.053 0.014 0.760 341.276 6.875 0.193
0.000 -0.395 0.249 0.005 -0.000 0.111 -0.055 -0.001 0.074 -0.166 0.000 0.000 0.030 -0.122 0.000 0.898 -0.000 0.000 0.000 0.000 -0.000 -0.000 0.000 0.180 -0.000 -0.000 -0.000 0.261 -0.058 0.332 0.053 0.014 0.760 341.276 6.875 0.193
-0.000 -0.395 0.249 0.005 -0.000 0.111 -0.055 -0.001 0.074 -0.166 -0.000 -0.000 0.030 -0.122 -0.000 0.898 0.000 -0.000 0.000 -0.000 -0.000 0.000 -0.000 0.180 0.000 -0.000 -0.000 0.261 -0.058 0.332 0.053 0.014 0.760 341.276 6.875 0.193
0.000 -0.395 0.249 0.005 -0.000 0.111 -0.055 -0.001 0.074 -0.166 0.000 0.000 0.030 -0.122 0.000 0.898 -0.000 0.000 0.000 0.000 0.000 -0.000 0.000 0.180 -0.000 -0.000 0.000 0.261 -0.058 0.332 0.053 0.014 0.760 341.276 6.875 0.193
-0.000 -0.395 0.249 0.005 -0.000 0.111 -0.055 -0.001 0.074 -0.166 -0.000 -0.000 0.030 -0.122 -0.000 0.898 0.000 -0.000 0.000 -0.000 0.000 0.000 -0.000 0.180 0.000 -0.000 -0.000 0.261 -0.058 0.332 0.053 0.014 0.760 341.276 6.875 0.193
0.000 -0.395 0.249 0.005 -0.000 0.111 -0.055 -0.001 0.074 -0.166 0.000 0.000 0.030 -0.122 0.000 0.898 -0.000 0.000 0.000 0.000 -0.000 -0.000 0.000 0.180 -0.000 -0.000 0.000 0.261 -0.058 0.332 0.053 0.014 0.760 341.276 6.875 0.193
0.000 -0.395 0.249 0.005 -0.000 0.111 -0.055 -0.001 0.074 -0.166 -0.000 -0.000 0.030 -0.122 -0.000 0.898 0.000 -0.000 0.000 -0.000 0.000 0.000 -0.000 0.180 0.000 -0.000 -0.000 0.261 -0.058 0.332 0.053 0.014 0.760 341.276 6.875 0.193
-0.000 -0.388 0.249 0.006 -0.000 0.107 -0.056 0.000 0.072 -0.159 0.000 0.000 0.027 -0.109 0.000 0.404 -0.000 0.000 -0.000 0.000 -0.000 -0.000 0.000 0.179 0.000 -0.000 0.000 0.230 -0.056 0.325 0.054 0.014 0.763 341.288 6.874 0.195
0.000 -0.388 0.249 0.006 0.000 0.107 -0.056 0.000 0.072 -0.159 0.000 -0.000 0.027 -0.109 -0.000 0.404 0.000 -0.000 0.000 0.000 0.000 0.000 -0.000 0.179 0.000 -0.000 -0.000 0.230 -0.056 0.325 0.054 0.014 0.763 341.288 6.874 0.195
0.000 -0.388 0.249 0.006 -0.000 0.107 -0.056 0.000 0.072 -0.159 0.000 -0.000 0.027 -0.109 -0.000 0.404 -0.000 0.000 0.000 -0.000 0.000 -0.000 0.000 0.179 -0.000 -0.000 -0.000 0.230 -0.056 0.325 0.054 0.014 0.763 341.288 6.874 0.195
0.000 -0.388 0.249 0.006 0.000 0.107 -0.056 0.000 0.072 -0.159 -0.000 0.000 0.027 -0.109 0.000 0.404 0.000 -0.000 0.000 0.000 0.000 0.000 -0.000 0.179 0.000 -0.000 -0.000 0.230 -0.056 0.325 0.054 0.014 0.763 341.288 6.874 0.195
0.000 -0.388 0.249 0.006 -0.000 0.107 -0.056 0.000 0.072 -0.159 0.000 -0.000 0.027 -0.109 0.000 0.404 -0.000 0.000 0.000 -0.000 0.000 -0.000 -0.000 0.179 -0.000 -0.000 0.000 0.230 -0.056 0.325 0.054 0.014 0.763 341.288 6.874 0.195
0.000 -0.388 0.249 0.006 -0.000 0.107 -0.056 0.000 0.072 -0.159 -0.000 0.000 0.027 -0.109 -0.000 0.404 0.000 0.000 0.000 0.000 0.000 0.000 0.000 0.179 0.000 -0.000 -0.000 0.230 -0.056 0.325 0.054 0.014 0.763 341.288 6.874 0.195
0.000 -0.388 0.249 0.006 0.000 0.107 -0.056 0.000 0.072 -0.159 0.000 -0.000 0.027 -0.109 -0.000 0.404 0.000 -0.000 0.000 -0.000 0.000 -0.000 -0.000 0.179 -0.000 -0.000 -0.000 0.230 -0.056 0.325 0.054 0.014 0.763 341.288 6.874 0.195
0.000 -0.388 0.249 0.006 -0.000 0.107 -0.056 0.000 0.072 -0.159 0.000 -0.000 0.027 -0.109 0.000 0.404 -0.000 -0.000 0.000 0.000 0.000 -0.000 0.000 0.179 -0.000 -0.000 0.000 0.230 -0.056 0.325 0.054 0.014 0.763 341.288 6.874 0.195
0.000 -0.388 0.249 0.006 -0.000 0.107 -0.056 0.000 0.072 -0.159 -0.000 -0.000 0.027 -0.109 -0.000 0.404 0.000 0.000 0.000 0.000 0.000 0.000 -0.000 0.179 0.000 -0.000 -0.000 0.230 -0.056 0.325 0.054 0.014 0.763 341.288 6.874 0.195
0.000 -0.388 0.249 0.006 0.000 0.107 -0.056 0.000 0.072 -0.159 0.000 0.000 0.027 -0.109 0.000 0.404 0.000 -0.000 0.000 -0.000 0.000 0.000 0.000 0.179 0.000 -0.000 0.000 0.230 -0.056 0.325 0.054 0.014 0.763 341.288 6.874 0.195
0.000 -0.388 0.249 0.006 -0.000 0.107 -0.056 0.000 0.072 -0.159 0.000 -0.000 0.027 -0.109 -0.000 0.404 -0.000 -0.000 0.000 -0.000 0.000 -0.000 -0.000 0.179 -0.000 -0.000 -0.000 0.230 -0.056 0.325 0.054 0.014 0.763 341.288 6.874 0.195
0.000 -0.388 0.249 0.006 0.000 0.107 -0.056 0.000 0.072 -0.159 -0.000 -0.000 0.027 -0.109 -0.000 0.404 0.000 -0.000 0.000 0.000 0.000 0.000 -0.000 0.179 0.000 -0.000 -0.000 0.230 -0.056 0.325 0.054 0.014 0.763 341.288 6.874 0.195
0.000 -0.388 0.249 0.006 -0.000 0.107 -0.056 0.000 0.072 -0.159 0.000 -0.000 0.027 -0.109 0.000 0.404 -0.000 0.000 0.000 -0.000 0.000 -0.000 0.000 0.179 -0.000 -0.000 0.000 0.230 -0.056 0.325 0.054 0.014 0.763 341.288 6.874 0.195
0.000 -0.388 0.249 0.006 -0.000 0.107 -0.056 0.000 0.072 -0.159 -0.000 0.000 0.027 -0.109 -0.000 0.404 0.000 -0.000 0.000 0.000 0.000 0.000 -0.000 0.179 0.000 -0.000 -0.000 0.230 -0.056 0.325 0.054 0.014 0.763 341.288 6.874 0.195
0.000 -0.388 0.249 0.006 0.000 0.107 -0.056 0.000 0.072 -0.159 0.000 -0.000 0.027 -0.109 0.000 0.404 -0.000 0.000 0.000 -0.000 0.000 -0.000 -0.000 0.179 -0.000 -0.000 -0.000 0.230 -0.056 0.325 0.054 0.014 0.763 341.288 6.874 0.195
