0.000 0.000 0.000 0.000 0.000 0.000 0.000 0.000 0.000 0.000 0.000 0.000 0.000 0.000 0.000 0.000 0.000 0.000 0.000 0.000 0.000 0.000 0.000 0.000 0.000 0.000 0.000 0.000 0.000 0.000 20.943 0.522 0.457 341.095 14.652 0.442
-0.460 4.269 0.227 -0.033 1.263 0.543 0.059 -0.098 0.008 0.008 -1.595 -1.165 0.468 -0.132 0.410 0.614 0.182 -0.125 0.774 -0.201 -0.001 -0.141 -0.250 0.180 -1.496 -0.188 -2.199 -0.076 0.063 0.400 20.678 0.029 0.266 341.101 14.786 0.157
0.288 -1.186 0.566 0.619 0.012 0.200 -1.678 0.153 -0.502 -0.137 3.445 0.656 -1.133 1.238 -1.237 -1.314 0.167 -0.835 0.324 -0.075 -0.150 0.062 -0.566 0.629 -1.649 0.505 -0.037 1.630 -0.487 1.607 20.855 0.000 1.116 341.097 15.037 2.758
-0.032 -0.908 0.506 0.544 0.302 0.131 -1.390 0.157 -0.478 -0.121 2.607 0.531 -0.921 1.267 -0.865 -0.912 0.154 -0.739 0.425 -0.044 -0.163 -0.144 -0.421 0.563 -1.650 0.445 -0.111 1.529 -0.449 1.559 20.843 0.000 0.942 341.098 14.995 2.391
-0.000 4.556 0.122 0.484 0.000 0.123 -0.049 -0.005 0.075 -0.170 -2.387 -0.001 0.596 0.006 0.001 1.140 0.000 0.000 0.000 -0.000 0.000 0.001 -0.001 0.186 -1.264 -0.062 0.000 0.260 -0.048 0.363 19.865 0.014 0.306 341.116 14.060 0.197
-0.000 -0.394 0.248 0.010 -0.013 0.123 -0.049 -0.005 0.075 -0.170 0.000 -0.000 0.031 -0.129 0.000 1.126 0.000 -0.000 0.000 -0.000 0.000 0.000 -0.000 0.180 0.000 -0.002 0.000 0.276 -0.058 0.336 0.053 0.014 0.760 342.155 6.882 0.192
0.000 -0.395 0.248 0.009 -0.011 0.122 -0.050 -0.004 0.075 -0.170 -0.000 0.000 0.031 -0.129 0.000 1.063 0.001 0.000 0.069 -0.000 0.000 0.000 -0.000 0.179 -0.000 -0.005 0.000 0.273 -0.057 0.336 0.053 0.014 0.758 341.733 6.855 0.193
0.000 -0.394 0.248 0.009 -0.012 0.122 -0.050 -0.004 0.075 -0.169 0.000 -0.000 0.031 -0.128 -0.000 1.100 -0.000 0.000 0.000 0.000 0.000 -0.000 -0.000 0.180 -0.000 -0.000 -0.000 0.275 -0.058 0.335 0.053 0.014 0.760 341.728 6.897 0.193
0.272 1.661 0.208 0.392 0.421 0.535 -0.253 -0.046 -0.120 0.353 -1.675 -0.259 0.582 -0.877 -0.111 0.874 0.041 -0.860 1.392 1.840 0.007 0.214 -0.420 0.152 -2.836 -0.094 -0.517 1.462 -0.063 0.411 20.667 0.000 0.259 341.108 14.890 1.105
-0.136 0.176 0.187 -0.149 0.049 0.181 -0.413 0.021 0.005 -0.284 -1.581 -0.514 0.454 -0.289 0.940 0.660 0.016 0.077 0.448 -0.016 -0.074 -0.136 0.240 0.118 -0.517 -0.475 -0.352 1.147 0.077 0.197 20.948 0.000 1.657 341.100 14.676 0.759
0.000 -0.395 0.248 0.009 -0.011 0.119 -0.051 -0.004 0.075 -0.169 -0.000 -0.000 0.031 -0.127 0.000 1.058 0.000 0.000 0.000 0.000 -0.000 -0.000 0.000 0.180 0.000 -0.001 0.000 0.271 -0.058 0.335 0.053 0.014 0.754 342.114 6.843 0.193
0.000 -0.396 0.249 0.007 -0.006 0.118 -0.051 -0.003 0.075 -0.168 0.000 0.000 0.031 -0.127 -0.000 1.041 0.000 0.000 0.000 0.000 -0.000 0.000 0.000 0.180 0.000 -0.002 -0.000 0.270 -0.058 0.334 0.053 0.014 0.756 341.837 6.847 0.192
0.027 -0.399 0.249 -0.000 0.014 0.106 -0.052 -0.000 0.075 -0.168 0.000 -0.011 0.035 -0.142 0.047 1.118 -0.007 -0.040 -0.075 0.002 0.031 0.024 0.005 0.171 -0.014 -0.100 -0.053 0.209 -0.032 0.338 0.052 0.014 0.712 341.768 7.679 0.193
0.000 -0.395 0.249 0.006 -0.003 0.116 -0.052 -0.003 0.075 -0.168 0.000 0.000 0.031 -0.125 -0.000 1.006 0.000 -0.000 0.008 0.000 -0.000 -0.000 -0.000 0.180 -0.000 -0.000 -0.000 0.269 -0.058 0.334 0.053 0.014 0.759 341.897 6.842 0.193
0.000 -0.396 0.249 0.006 -0.002 0.116 -0.052 -0.003 0.074 -0.168 -0.000 0.000 0.031 -0.125 0.000 0.997 0.000 -0.000 0.000 -0.000 -0.000 0.000 0.000 0.180 0.000 -0.011 -0.000 0.263 -0.055 0.334 0.053 0.014 0.759 342.059 6.876 0.192
0.000 -0.395 0.249 0.006 -0.003 0.115 -0.052 -0.003 0.074 -0.167 -0.000 0.000 0.031 -0.125 0.000 0.984 0.000 0.000 0.000 0.000 0.000 0.000 0.000 0.180 0.000 -0.005 0.000 0.265 -0.057 0.333 0.053 0.014 0.759 341.912 6.845 0.193
0.000 -0.396 0.249 0.006 -0.001 0.114 -0.053 -0.002 0.074 -0.167 0.000 0.000 0.030 -0.125 0.000 0.969 -0.000 0.000 0.000 0.000 0.000 -0.000 -0.000 0.180 -0.000 -0.000 -0.000 0.266 -0.058 0.333 0.053 0.014 0.760 341.945 6.886 0.193
0.000 -0.395 0.249 0.006 -0.001 0.113 -0.053 -0.002 0.074 -0.167 -0.000 -0.000 0.030 -0.124 0.000 0.954 0.000 -0.000 -0.000 0.000 -0.000 0.000 -0.000 0.180 0.000 -0.000 -0.000 0.265 -0.058 0.333 0.053 0.014 0.759 342.015 6.834 0.193
0.000 -0.396 0.249 0.006 -0.001 0.107 -0.056 -0.001 0.074 -0.166 0.000 -0.001 0.031 -0.124 0.001 0.940 0.000 0.000 0.000 -0.000 -0.000 -0.001 0.000 0.180 0.001 0.000 -0.001 0.263 -0.058 0.333 0.053 0.014 0.758 342.357 6.892 0.193
-0.000 -0.395 0.249 0.005 -0.001 0.112 -0.054 -0.002 0.074 -0.166 0.000 -0.000 0.030 -0.123 0.000 0.923 0.000 0.000 0.000 0.000 0.000 0.000 0.000 0.180 0.000 -0.001 0.000 0.262 -0.058 0.333 0.053 0.014 0.760 342.263 6.871 0.193
-0.545 2.460 0.168 -0.073 0.797 0.554 -0.209 -0.092 0.006 0.068 -3.123 -0.246 0.632 0.981 0.691 1.063 0.204 -0.053 0.677 0.088 -0.106 -0.029 -0.131 0.063 -0.982 -0.704 -0.240 0.408 0.069 0.753 20.851 0.000 0.169 341.105 14.650 0.000
0.013 0.149 0.184 -0.228 -0.061 0.111 -0.385 0.039 0.004 -0.212 -1.482 -0.462 0.422 -0.232 0.786 0.529 0.053 0.037 0.323 0.109 -0.143 0.010 0.145 0.149 -0.461 -0.434 -0.306 1.000 0.076 0.145 20.946 0.000 1.622 341.100 14.673 0.722
