0.000 0.000 0.000 3.906 0.000 0.000 0.000 0.000
0.000 0.000 1.000 0.000 1.000 0.000 0.000 0.000
0.000 0.000 0.000 0.000 0.000 1.000 0.052 1.000
0.000 0.000 0.000 -2.291 0.000 0.000 0.000 0.000
0.000 0.000 -2.030 0.000 0.000 0.000 0.000 0.000
1.000 0.000 0.000 0.000 0.000 0.000 0.000 0.000
2.175 0.000 0.000 0.000 0.000 0.000 0.000 0.000
0.000 0.000 0.000 0.000 0.000 0.000 1.000 0.000
0.000 0.000 0.000 1.000 0.000 0.000 0.000 0.000
0.000 0.000 0.000 46.143 0.000 0.000 0.000 0.000
0.000 0.000 0.000 8.005 0.000 0.000 0.000 0.000
-1.001 0.000 0.000 0.000 0.000 0.000 0.000 0.000
-12.039 0.000 0.000 0.000 0.000 0.000 0.000 0.000
0.000 0.000 0.000 0.000 0.000 0.000 0.040 0.000
-2.843 0.000 0.000 0.000 0.000 0.000 0.000 0.000
0.000 0.000 0.000 0.000 0.000 0.000 0.000 0.079
0.000 0.000 0.000 0.000 0.000 0.000 0.000 -0.506
-1.825 0.000 0.000 0.000 0.000 0.000 0.000 0.000
0.000 1.863 0.000 0.000 0.000 0.000 0.000 0.000
0.000 1.000 0.000 0.000 0.000 0.000 0.000 0.000
-95.041 0.000 0.000 0.000 0.000 0.000 0.000 0.000
4.800 0.000 0.000 0.000 0.000 0.000 0.000 0.000
0.000 0.000 0.000 3.117 0.000 0.000 0.000 0.000
0.000 1.921 0.000 0.000 0.000 0.000 0.000 0.000
0.000 0.611 0.000 0.000 0.000 0.000 0.000 0.000
0.000 0.000 0.000 0.331 -0.037 0.000 -0.012 0.000
0.000 0.000 0.000 0.000 -0.252 0.000 0.000 0.000
0.000 0.000 0.000 0.000 -0.046 0.000 0.000 0.000
1.911 0.000 0.000 0.000 0.000 0.000 0.000 0.000
0.000 0.000 0.000 0.000 0.000 -0.815 0.000 0.081
