0.000 0.000 0.000 3.783 0.000 0.000 0.000 0.000
0.000 0.000 1.000 0.000 1.000 0.000 0.000 0.000
0.000 0.000 0.000 0.000 0.000 1.000 -1.616 1.000
0.000 0.000 0.000 -2.052 0.000 0.000 0.000 0.000
0.000 0.000 -3.232 0.000 0.000 0.000 0.000 0.000
1.000 0.000 0.000 0.000 0.000 0.000 0.000 0.000
2.172 0.000 0.000 0.000 0.000 0.000 0.000 0.000
0.000 0.000 0.000 0.000 0.000 0.000 1.000 0.000
0.000 0.000 0.000 1.000 0.000 0.000 0.000 0.000
0.000 0.000 0.000 43.609 0.000 0.000 0.000 0.000
0.000 0.000 0.000 7.216 0.000 0.000 0.000 0.000
-0.981 0.000 0.000 0.000 0.000 0.000 0.000 0.000
-12.174 0.000 0.000 0.000 0.000 0.000 0.000 0.000
0.000 0.000 0.000 0.000 0.000 0.000 0.041 0.000
-2.812 0.000 0.000 0.000 0.000 0.000 0.000 0.000
0.000 0.000 0.000 0.000 0.000 0.000 0.000 0.024
0.000 0.000 0.000 0.000 0.000 0.000 0.000 -0.142
-1.813 0.000 0.000 0.000 0.000 0.000 0.000 0.000
0.000 1.868 0.000 0.000 0.000 0.000 0.000 0.000
0.000 1.000 0.000 0.000 0.000 0.000 0.000 0.000
-94.938 0.000 0.000 0.000 0.000 0.000 0.000 0.000
4.795 0.000 0.000 0.000 0.000 0.000 0.000 0.000
0.000 0.000 0.000 2.928 0.000 0.000 0.000 0.000
0.000 1.913 0.000 0.000 0.000 0.000 0.000 0.000
0.000 0.606 0.000 0.000 0.000 0.000 0.000 0.000
0.000 0.000 0.000 -2.908 -0.072 0.000 0.284 0.000
0.000 0.000 0.000 0.000 -0.156 0.000 0.000 0.000
0.000 0.000 0.000 0.000 -0.029 0.000 0.000 0.000
1.906 0.000 0.000 0.000 0.000 0.000 0.000 0.000
0.000 0.000 0.000 0.000 0.000 -0.024 0.000 0.103
