0.000 0.000 0.000 0.913 0.000 0.000 0.000 0.000
0.000 0.000 1.000 0.000 1.000 0.000 0.000 0.000
0.000 0.000 0.000 0.000 0.000 1.000 -0.150 1.000
0.000 0.000 0.000 0.934 0.000 0.000 0.000 0.000
0.000 0.000 -0.909 0.000 0.000 0.000 0.000 0.000
1.000 0.000 0.000 0.000 0.000 0.000 0.000 0.000
3.073 0.000 0.000 0.000 0.000 0.000 0.000 0.000
0.000 0.000 0.000 0.000 0.000 0.000 1.000 0.000
0.000 0.000 0.000 1.000 0.000 0.000 0.000 0.000
0.000 0.000 0.000 -0.690 0.000 0.000 0.000 0.000
0.000 0.000 0.000 -0.659 0.000 0.000 0.000 0.000
-1.507 0.000 0.000 0.000 0.000 0.000 0.000 0.000
-6.662 0.000 0.000 0.000 0.000 0.000 0.000 0.000
0.000 0.000 0.000 0.000 0.000 0.000 -1.304 0.000
-1.813 0.000 0.000 0.000 0.000 0.000 0.000 0.000
0.000 0.000 0.000 0.000 0.000 0.000 0.000 2.504
0.000 0.000 0.000 0.000 0.000 0.000 0.000 -3.666
0.571 0.000 0.000 0.000 0.000 0.000 0.000 0.000
0.000 1.962 0.000 0.000 0.000 0.000 0.000 0.000
0.000 1.000 0.000 0.000 0.000 0.000 0.000 0.000
-48.969 0.000 0.000 0.000 0.000 0.000 0.000 0.000
4.063 0.000 0.000 0.000 0.000 0.000 0.000 0.000
0.000 0.000 0.000 0.768 0.000 0.000 0.000 0.000
0.000 1.580 0.000 0.000 0.000 0.000 0.000 0.000
0.000 1.987 0.000 0.000 0.000 0.000 0.000 0.000
0.000 0.000 0.000 1.004 -2.419 0.000 5.725 0.000
0.000 0.000 0.000 0.000 -0.761 0.000 0.000 0.000
0.000 0.000 0.000 0.000 -1.362 0.000 0.000 0.000
2.580 0.000 0.000 0.000 0.000 0.000 0.000 0.000
0.000 0.000 0.000 0.000 0.000 1.711 0.000 -2.746
