0.000 0.000 0.000 3.381 0.000 0.000 0.000 0.000
0.000 0.000 1.000 0.000 1.000 0.000 0.000 0.000
0.000 0.000 0.000 0.000 0.000 1.000 0.797 1.000
0.000 0.000 0.000 -2.104 0.000 0.000 0.000 0.000
0.000 0.000 -2.119 0.000 0.000 0.000 0.000 0.000
1.000 0.000 0.000 0.000 0.000 0.000 0.000 0.000
2.051 0.000 0.000 0.000 0.000 0.000 0.000 0.000
0.000 0.000 0.000 0.000 0.000 0.000 1.000 0.000
0.000 0.000 0.000 1.000 0.000 0.000 0.000 0.000
0.000 0.000 0.000 39.503 0.000 0.000 0.000 0.000
0.000 0.000 0.000 5.912 0.000 0.000 0.000 0.000
-0.891 0.000 0.000 0.000 0.000 0.000 0.000 0.000
-10.812 0.000 0.000 0.000 0.000 0.000 0.000 0.000
0.000 0.000 0.000 0.000 0.000 0.000 0.016 0.000
-2.558 0.000 0.000 0.000 0.000 0.000 0.000 0.000
0.000 0.000 0.000 0.000 0.000 0.000 0.000 0.027
0.000 0.000 0.000 0.000 0.000 0.000 0.000 -0.110
-1.636 0.000 0.000 0.000 0.000 0.000 0.000 0.000
0.000 1.882 0.000 0.000 0.000 0.000 0.000 0.000
0.000 1.000 0.000 0.000 0.000 0.000 0.000 0.000
-78.229 0.000 0.000 0.000 0.000 0.000 0.000 0.000
4.539 0.000 0.000 0.000 0.000 0.000 0.000 0.000
0.000 0.000 0.000 2.805 0.000 0.000 0.000 0.000
0.000 1.930 0.000 0.000 0.000 0.000 0.000 0.000
0.000 0.603 0.000 0.000 0.000 0.000 0.000 0.000
0.000 0.000 0.000 -1.201 -0.078 0.000 0.148 0.000
0.000 0.000 0.000 0.000 -0.205 0.000 0.000 0.000
0.000 0.000 0.000 0.000 -0.050 0.000 0.000 0.000
1.787 0.000 0.000 0.000 0.000 0.000 0.000 0.000
0.000 0.000 0.000 0.000 0.000 -0.026 0.000 0.057
