0.000 0.000 0.000 -0.131 0.000 0.000 0.000 0.000
0.000 0.000 1.000 0.000 1.000 0.000 0.000 0.000
0.000 0.000 0.000 0.000 0.000 1.000 0.174 1.000
0.000 0.000 0.000 -0.260 0.000 0.000 0.000 0.000
0.000 0.000 -0.816 0.000 0.000 0.000 0.000 0.000
1.000 0.000 0.000 0.000 0.000 0.000 0.000 0.000
1.699 0.000 0.000 0.000 0.000 0.000 0.000 0.000
0.000 0.000 0.000 0.000 0.000 0.000 1.000 0.000
0.000 0.000 0.000 1.000 0.000 0.000 0.000 0.000
0.000 0.000 0.000 -0.665 0.000 0.000 0.000 0.000
0.000 0.000 0.000 0.014 0.000 0.000 0.000 0.000
-0.623 0.000 0.000 0.000 0.000 0.000 0.000 0.000
-6.930 0.000 0.000 0.000 0.000 0.000 0.000 0.000
0.000 0.000 0.000 0.000 0.000 0.000 0.005 0.000
-1.629 0.000 0.000 0.000 0.000 0.000 0.000 0.000
0.000 0.000 0.000 0.000 0.000 0.000 0.000 0.009
0.000 0.000 0.000 0.000 0.000 0.000 0.000 -0.036
-1.066 0.000 0.000 0.000 0.000 0.000 0.000 0.000
0.000 1.507 0.000 0.000 0.000 0.000 0.000 0.000
0.000 1.000 0.000 0.000 0.000 0.000 0.000 0.000
-48.878 0.000 0.000 0.000 0.000 0.000 0.000 0.000
4.252 0.000 0.000 0.000 0.000 0.000 0.000 0.000
0.000 0.000 0.000 0.310 0.000 0.000 0.000 0.000
0.000 1.319 0.000 0.000 0.000 0.000 0.000 0.000
0.000 0.463 0.000 0.000 0.000 0.000 0.000 0.000
0.000 0.000 0.000 0.282 -0.023 0.000 0.046 0.000
0.000 0.000 0.000 0.000 -0.055 0.000 0.000 0.000
0.000 0.000 0.000 0.000 -0.011 0.000 0.000 0.000
1.399 0.000 0.000 0.000 0.000 0.000 0.000 0.000
0.000 0.000 0.000 0.000 0.000 0.048 0.000 0.048
