0.000 0.000 0.000 4.029 0.000 0.000 0.000 0.000
0.000 0.000 1.000 0.000 1.000 0.000 0.000 0.000
0.000 0.000 0.000 0.000 0.000 1.000 -0.006 1.000
0.000 0.000 0.000 -1.971 0.000 0.000 0.000 0.000
0.000 0.000 -1.952 0.000 0.000 0.000 0.000 0.000
1.000 0.000 0.000 0.000 0.000 0.000 0.000 0.000
2.171 0.000 0.000 0.000 0.000 0.000 0.000 0.000
0.000 0.000 0.000 0.000 0.000 0.000 1.000 0.000
0.000 0.000 0.000 1.000 0.000 0.000 0.000 0.000
0.000 0.000 0.000 44.303 0.000 0.000 0.000 0.000
0.000 0.000 0.000 6.516 0.000 0.000 0.000 0.000
-1.005 0.000 0.000 0.000 0.000 0.000 0.000 0.000
-12.389 0.000 0.000 0.000 0.000 0.000 0.000 0.000
0.000 0.000 0.000 0.000 0.000 0.000 0.037 0.000
-2.862 0.000 0.000 0.000 0.000 0.000 0.000 0.000
0.000 0.000 0.000 0.000 0.000 0.000 0.000 0.049
0.000 0.000 0.000 0.000 0.000 0.000 0.000 -0.315
-1.842 0.000 0.000 0.000 0.000 0.000 0.000 0.000
0.000 1.868 0.000 0.000 0.000 0.000 0.000 0.000
0.000 1.000 0.000 0.000 0.000 0.000 0.000 0.000
-95.524 0.000 0.000 0.000 0.000 0.000 0.000 0.000
4.814 0.000 0.000 0.000 0.000 0.000 0.000 0.000
0.000 0.000 0.000 2.998 0.000 0.000 0.000 0.000
0.000 1.911 0.000 0.000 0.000 0.000 0.000 0.000
0.000 0.606 0.000 0.000 0.000 0.000 0.000 0.000
0.000 0.000 0.000 1.228 -0.016 0.000 -0.099 0.000
0.000 0.000 0.000 0.000 -0.268 0.000 0.000 0.000
0.000 0.000 0.000 0.000 -0.049 0.000 0.000 0.000
1.906 0.000 0.000 0.000 0.000 0.000 0.000 0.000
0.000 0.000 0.000 0.000 0.000 2.412 0.000 1.371
