0.000 0.000 0.000 0.920 0.000 0.000 0.000 0.000
0.000 0.000 1.000 0.000 1.000 0.000 0.000 0.000
0.000 0.000 0.000 0.000 0.000 1.000 -0.324 1.000
0.000 0.000 0.000 -0.713 0.000 0.000 0.000 0.000
0.000 0.000 -1.550 0.000 0.000 0.000 0.000 0.000
1.000 0.000 0.000 0.000 0.000 0.000 0.000 0.000
1.952 0.000 0.000 0.000 0.000 0.000 0.000 0.000
0.000 0.000 0.000 0.000 0.000 0.000 1.000 0.000
0.000 0.000 0.000 1.000 0.000 0.000 0.000 0.000
0.000 0.000 0.000 7.476 0.000 0.000 0.000 0.000
0.000 0.000 0.000 2.413 0.000 0.000 0.000 0.000
-0.796 0.000 0.000 0.000 0.000 0.000 0.000 0.000
-9.496 0.000 0.000 0.000 0.000 0.000 0.000 0.000
0.000 0.000 0.000 0.000 0.000 0.000 0.030 0.000
-2.218 0.000 0.000 0.000 0.000 0.000 0.000 0.000
0.000 0.000 0.000 0.000 0.000 0.000 0.000 0.030
0.000 0.000 0.000 0.000 0.000 0.000 0.000 -0.013
-1.437 0.000 0.000 0.000 0.000 0.000 0.000 0.000
0.000 2.095 0.000 0.000 0.000 0.000 0.000 0.000
0.000 1.000 0.000 0.000 0.000 0.000 0.000 0.000
-50.272 0.000 0.000 0.000 0.000 0.000 0.000 0.000
4.232 0.000 0.000 0.000 0.000 0.000 0.000 0.000
0.000 0.000 0.000 1.212 0.000 0.000 0.000 0.000
0.000 2.149 0.000 0.000 0.000 0.000 0.000 0.000
0.000 0.569 0.000 0.000 0.000 0.000 0.000 0.000
0.000 0.000 0.000 -0.768 -0.115 0.000 0.252 0.000
0.000 0.000 0.000 0.000 -0.321 0.000 0.000 0.000
0.000 0.000 0.000 0.000 -0.074 0.000 0.000 0.000
1.698 0.000 0.000 0.000 0.000 0.000 0.000 0.000
0.000 0.000 0.000 0.000 0.000 0.105 0.000 0.135
