0.000 0.000 0.000 3.495 0.000 0.000 0.000 0.000
0.000 0.000 1.000 0.000 1.000 0.000 0.000 0.000
0.000 0.000 0.000 0.000 0.000 1.000 -1.141 1.000
0.000 0.000 0.000 -1.995 0.000 0.000 0.000 0.000
0.000 0.000 -1.826 0.000 0.000 0.000 0.000 0.000
1.000 0.000 0.000 0.000 0.000 0.000 0.000 0.000
2.184 0.000 0.000 0.000 0.000 0.000 0.000 0.000
0.000 0.000 0.000 0.000 0.000 0.000 1.000 0.000
0.000 0.000 0.000 1.000 0.000 0.000 0.000 0.000
0.000 0.000 0.000 43.957 0.000 0.000 0.000 0.000
0.000 0.000 0.000 9.142 0.000 0.000 0.000 0.000
-1.005 0.000 0.000 0.000 0.000 0.000 0.000 0.000
-12.596 0.000 0.000 0.000 0.000 0.000 0.000 0.000
0.000 0.000 0.000 0.000 0.000 0.000 0.033 0.000
-2.886 0.000 0.000 0.000 0.000 0.000 0.000 0.000
0.000 0.000 0.000 0.000 0.000 0.000 0.000 0.026
0.000 0.000 0.000 0.000 0.000 0.000 0.000 -0.159
-1.852 0.000 0.000 0.000 0.000 0.000 0.000 0.000
0.000 1.866 0.000 0.000 0.000 0.000 0.000 0.000
0.000 1.000 0.000 0.000 0.000 0.000 0.000 0.000
-95.965 0.000 0.000 0.000 0.000 0.000 0.000 0.000
4.802 0.000 0.000 0.000 0.000 0.000 0.000 0.000
0.000 0.000 0.000 3.020 0.000 0.000 0.000 0.000
0.000 1.910 0.000 0.000 0.000 0.000 0.000 0.000
0.000 0.609 0.000 0.000 0.000 0.000 0.000 0.000
0.000 0.000 0.000 -6.032 -0.219 0.000 0.521 0.000
0.000 0.000 0.000 0.000 -0.299 0.000 0.000 0.000
0.000 0.000 0.000 0.000 -0.060 0.000 0.000 0.000
1.918 0.000 0.000 0.000 0.000 0.000 0.000 0.000
0.000 0.000 0.000 0.000 0.000 -0.009 0.000 0.115
