0.000 0.000 0.000 4.146 0.000 0.000 0.000 0.000
0.000 0.000 1.000 0.000 1.000 0.000 0.000 0.000
0.000 0.000 0.000 0.000 0.000 1.000 0.827 1.000
0.000 0.000 0.000 -2.420 0.000 0.000 0.000 0.000
0.000 0.000 -2.160 0.000 0.000 0.000 0.000 0.000
1.000 0.000 0.000 0.000 0.000 0.000 0.000 0.000
2.141 0.000 0.000 0.000 0.000 0.000 0.000 0.000
0.000 0.000 0.000 0.000 0.000 0.000 1.000 0.000
0.000 0.000 0.000 1.000 0.000 0.000 0.000 0.000
0.000 0.000 0.000 48.149 0.000 0.000 0.000 0.000
0.000 0.000 0.000 6.403 0.000 0.000 0.000 0.000
-0.979 0.000 0.000 0.000 0.000 0.000 0.000 0.000
-11.763 0.000 0.000 0.000 0.000 0.000 0.000 0.000
0.000 0.000 0.000 0.000 0.000 0.000 0.019 0.000
-2.803 0.000 0.000 0.000 0.000 0.000 0.000 0.000
0.000 0.000 0.000 0.000 0.000 0.000 0.000 0.065
0.000 0.000 0.000 0.000 0.000 0.000 0.000 -0.336
-1.802 0.000 0.000 0.000 0.000 0.000 0.000 0.000
0.000 1.844 0.000 0.000 0.000 0.000 0.000 0.000
0.000 1.000 0.000 0.000 0.000 0.000 0.000 0.000
-92.816 0.000 0.000 0.000 0.000 0.000 0.000 0.000
4.740 0.000 0.000 0.000 0.000 0.000 0.000 0.000
0.000 0.000 0.000 3.130 0.000 0.000 0.000 0.000
0.000 1.899 0.000 0.000 0.000 0.000 0.000 0.000
0.000 0.603 0.000 0.000 0.000 0.000 0.000 0.000
0.000 0.000 0.000 -1.824 -0.080 0.000 0.173 0.000
0.000 0.000 0.000 0.000 -0.189 0.000 0.000 0.000
0.000 0.000 0.000 0.000 -0.045 0.000 0.000 0.000
1.887 0.000 0.000 0.000 0.000 0.000 0.000 0.000
0.000 0.000 0.000 0.000 0.000 -0.080 0.000 0.137
