0.000 0.000 0.000 -0.381 0.000 0.000 0.000 0.000
0.000 0.000 1.000 0.000 1.000 0.000 0.000 0.000
0.000 0.000 0.000 0.000 0.000 1.000 1.783 1.000
0.000 0.000 0.000 0.148 0.000 0.000 0.000 0.000
0.000 0.000 -1.809 0.000 0.000 0.000 0.000 0.000
1.000 0.000 0.000 0.000 0.000 0.000 0.000 0.000
2.308 0.000 0.000 0.000 0.000 0.000 0.000 0.000
0.000 0.000 0.000 0.000 0.000 0.000 1.000 0.000
0.000 0.000 0.000 1.000 0.000 0.000 0.000 0.000
0.000 0.000 0.000 -0.384 0.000 0.000 0.000 0.000
0.000 0.000 0.000 0.338 0.000 0.000 0.000 0.000
-0.566 0.000 0.000 0.000 0.000 0.000 0.000 0.000
-6.401 0.000 0.000 0.000 0.000 0.000 0.000 0.000
0.000 0.000 0.000 0.000 0.000 0.000 0.024 0.000
-1.965 0.000 0.000 0.000 0.000 0.000 0.000 0.000
0.000 0.000 0.000 0.000 0.000 0.000 0.000 0.061
0.000 0.000 0.000 0.000 0.000 0.000 0.000 -0.733
-1.325 0.000 0.000 0.000 0.000 0.000 0.000 0.000
0.000 3.397 0.000 0.000 0.000 0.000 0.000 0.000
0.000 1.000 0.000 0.000 0.000 0.000 0.000 0.000
-49.087 0.000 0.000 0.000 0.000 0.000 0.000 0.000
4.685 0.000 0.000 0.000 0.000 0.000 0.000 0.000
0.000 0.000 0.000 2.596 0.000 0.000 0.000 0.000
0.000 3.757 0.000 0.000 0.000 0.000 0.000 0.000
0.000 0.749 0.000 0.000 0.000 0.000 0.000 0.000
0.000 0.000 0.000 1.487 1.397 0.000 0.083 0.000
0.000 0.000 0.000 0.000 1.859 0.000 0.000 0.000
0.000 0.000 0.000 0.000 0.617 0.000 0.000 0.000
1.952 0.000 0.000 0.000 0.000 0.000 0.000 0.000
0.000 0.000 0.000 0.000 0.000 -0.117 0.000 0.804
