0.000 0.000 0.000 3.584 0.000 0.000 0.000 0.000
0.000 0.000 1.000 0.000 1.000 0.000 0.000 0.000
0.000 0.000 0.000 0.000 0.000 1.000 -2.945 1.000
0.000 0.000 0.000 -2.063 0.000 0.000 0.000 0.000
0.000 0.000 -1.486 0.000 0.000 0.000 0.000 0.000
1.000 0.000 0.000 0.000 0.000 0.000 0.000 0.000
2.172 0.000 0.000 0.000 0.000 0.000 0.000 0.000
0.000 0.000 0.000 0.000 0.000 0.000 1.000 0.000
0.000 0.000 0.000 1.000 0.000 0.000 0.000 0.000
0.000 0.000 0.000 42.980 0.000 0.000 0.000 0.000
0.000 0.000 0.000 6.219 0.000 0.000 0.000 0.000
-0.997 0.000 0.000 0.000 0.000 0.000 0.000 0.000
-12.014 0.000 0.000 0.000 0.000 0.000 0.000 0.000
0.000 0.000 0.000 0.000 0.000 0.000 0.040 0.000
-2.819 0.000 0.000 0.000 0.000 0.000 0.000 0.000
0.000 0.000 0.000 0.000 0.000 0.000 0.000 0.017
0.000 0.000 0.000 0.000 0.000 0.000 0.000 -0.093
-1.822 0.000 0.000 0.000 0.000 0.000 0.000 0.000
0.000 1.863 0.000 0.000 0.000 0.000 0.000 0.000
0.000 1.000 0.000 0.000 0.000 0.000 0.000 0.000
-95.120 0.000 0.000 0.000 0.000 0.000 0.000 0.000
4.776 0.000 0.000 0.000 0.000 0.000 0.000 0.000
0.000 0.000 0.000 2.822 0.000 0.000 0.000 0.000
0.000 1.904 0.000 0.000 0.000 0.000 0.000 0.000
0.000 0.603 0.000 0.000 0.000 0.000 0.000 0.000
0.000 0.000 0.000 -0.585 -0.107 0.000 0.050 0.000
0.000 0.000 0.000 0.000 -0.487 0.000 0.000 0.000
0.000 0.000 0.000 0.000 -0.103 0.000 0.000 0.000
1.903 0.000 0.000 0.000 0.000 0.000 0.000 0.000
0.000 0.000 0.000 0.000 0.000 -0.017 0.000 0.062
