0.000000000000000000e+00 0.000000000000000000e+00 0.000000000000000000e+00 1.000000000000000000e+00 3.161950696259178267e-02 3.537773906054325623e-01 5.000000000000000278e-02 5.000000000000000278e-02 5.000000000000000278e-02 5.000000000000000278e-02 2.499437500000000478e-01 2.496937499999999921e-01 2.443750000000000089e-01
9.275841187253763831e-01 1.085295255274211002e+00 9.225078943171973744e-01 1.000000000000000000e+00 5.905164892287069478e-02 1.036223128587648867e+00 2.002774807012338343e+00 4.309280621899321262e-01 1.096904247501741203e+00 8.052143126213684443e-02 2.757067146962466551e-05 2.676871982505102130e-05 2.414931954318366006e-05
5.656101929817857865e+00 7.969116869882099330e+00 1.335816363048806465e+00 1.000000000000000000e+00 6.259879307948382210e-02 7.213711885831877169e-01 3.847155808502079388e+00 5.246872964826701846e+00 2.070033082234758126e+00 1.063309235215488813e-01 2.427278487927642461e-02 2.573558118951072005e-02 2.531684268429985549e-02
3.367761961541543947e+00 3.488501806077850986e+00 3.303441943799274583e+00 1.000000000000000000e+00 5.636428112658832534e-02 4.992672382379890750e-01 4.292513439915751405e+00 1.224028124816174490e+01 3.099678174529194141e+00 1.502211175152881606e-01 2.521207814583746728e-04 2.527834509415899183e-04 2.491699115196418157e-04
9.324890342580861358e+00 3.173425080076635929e+00 3.409624809252834510e+00 1.000000000000000000e+00 8.295795582762371945e-02 5.055701112855361945e-01 3.590946109114256934e+00 1.496099865734598389e+01 3.136465086189240470e+00 1.944397742352781400e-01 1.342577698814918265e-02 1.214035325842080688e-02 1.470023484711422725e-02
4.324695124703412219e+00 2.254453219146674847e-01 2.664073806748497919e+00 1.000000000000000000e+00 8.604109263992500145e-02 4.157506820306442474e-01 3.741370549823141545e+00 1.474062580084884289e+01 2.720357913429677588e+00 2.051344479982680491e-01 3.792538809189752668e-04 4.907763877484424631e-04 4.713245985739810328e-04
7.917171440202412924e+00 8.359038898897575010e-02 7.038060539655834447e+00 1.000000000000000000e+00 8.722501080232428206e-02 6.994456029781128681e-01 3.200877553384706697e+00 1.451955330994900528e+01 2.979032822129405123e+00 2.554269995503137824e-01 1.073942361690758199e-02 9.270256378672030520e-03 9.942000145337921702e-03
6.065831911063844117e+00 8.936498188521153629e-01 1.236242663542057141e+00 1.000000000000000000e+00 9.585155759120909946e-02 6.594719533187117788e-01 4.005298467506874793e+00 1.503438740165206688e+01 2.693173127056979865e+00 2.851472418829634758e-01 5.898705086994373258e-04 6.038871847426649595e-04 5.918090221225934689e-04
8.045814023519993086e+00 5.122797801211738999e+00 4.368585338095061665e+00 1.000000000000000000e+00 9.806497041122173852e-02 5.427989710853056149e-01 3.945430026084219222e+00 1.393641408760478306e+01 2.900928719343226714e+00 3.136719415502497998e-01 8.022907449328301258e-03 7.566463195755272937e-03 7.404940378655820721e-03
3.821864741449878089e+00 -1.856925842938967897e-01 1.283002020972120238e+00 1.000000000000000000e+00 8.530344219404129014e-02 5.201007852339435411e-01 4.041895630597116096e+00 1.418780158655207657e+01 2.835548608420069172e+00 3.644217108563326257e-01 7.961994471872114532e-04 7.404622484499292492e-04 7.350111592918396339e-04
7.212130130253020965e+00 4.387400106575086056e+00 6.727316370569292658e+00 1.000000000000000000e+00 1.325232527397146032e-01 5.436703858482244689e-01 4.297597037545169307e+00 1.517506537819929058e+01 2.890309730853931836e+00 3.190118149953516391e-01 6.045323058450863089e-03 6.481711818144137750e-03 6.215929925252933544e-03
7.414563609793556331e+00 3.491075723882246962e+00 5.153152017505004068e+00 1.000000000000000000e+00 8.571466249064210730e-02 4.650725957566124169e-01 5.085224687656098475e+00 1.458953114859445854e+01 2.775803034508414591e+00 3.578186837297157030e-01 9.195108150097476346e-04 9.622975154856242171e-04 1.032372264127669323e-03
6.647104247250411824e+00 2.279157357361513370e+00 4.540660672281201293e+00 1.000000000000000000e+00 1.106141994590903871e-01 4.854788762134026325e-01 3.705507832223831066e+00 1.572577830881546923e+01 2.901026368217130447e+00 3.748361884356706808e-01 5.565807395455935232e-03 5.675370527566462632e-03 5.390683401360202298e-03
4.971165257670445037e+00 3.403569285545914092e+00 5.181710851170731047e+00 1.000000000000000000e+00 9.427298400684350210e-02 5.029722771038963591e-01 3.724032445620574450e+00 1.593508416489565604e+01 3.024361842085676155e+00 3.849864141386866723e-01 1.143638718560350534e-03 9.704861763707004927e-04 1.126925736693468573e-03
5.492578841167377490e+00 3.924617861109982897e+00 5.750947818155666802e+00 1.000000000000000000e+00 1.321128875793790292e-01 4.790857774734996744e-01 3.991723567454415367e+00 1.440597203289008910e+01 3.405953583514879757e+00 4.761462638076089382e-01 4.593826489872408769e-03 4.830541208794936897e-03 4.687375474938184836e-03
5.243636647962586217e+00 1.587698616784679606e+00 3.921421272192934460e+00 1.000000000000000000e+00 1.599497614071503926e-01 4.996071181125144589e-01 4.128297348804533584e+00 1.462128449233158278e+01 3.210173938445856301e+00 5.336839170855662839e-01 1.135163951159356586e-03 1.215481615581891260e-03 1.203603150707936069e-03
8.031202500992584703e+00 8.264180231954881606e+00 5.411917996753834004e+00 1.000000000000000000e+00 1.722968830140882424e-01 5.183792372135157533e-01 3.520790152818525698e+00 1.407097632303494095e+01 2.936448845174298494e+00 5.757611113277026904e-01 4.501760011880437222e-03 5.477278567993810326e-03 5.002303709873575331e-03
5.451860032147700430e+00 9.617653577103524309e-01 2.333179713777958408e+00 1.000000000000000000e+00 1.722718420894494007e-01 5.042472469665141288e-01 4.417846838346435767e+00 1.681884122252202118e+01 2.864366671509287698e+00 7.826226189651391829e-01 1.221864748872687192e-03 8.999208227094867077e-04 9.666483850463377693e-04
7.339751222310438195e+00 5.083005145791930524e+00 3.200633572184327313e+00 1.000000000000000000e+00 1.490394578223201427e-01 5.034138886851646788e-01 5.142607156906284338e+00 1.719538538562984087e+01 2.962840116482871267e+00 7.684367565333781736e-01 4.236199687955657239e-03 5.535428973951110956e-03 5.181432095790246099e-03
8.150111962042924318e+00 5.189628459062874732e+00 2.272859390090329335e+00 1.000000000000000000e+00 1.385854217031367297e-01 3.901119747653239433e-01 4.902562127184416418e+00 1.598663296987323612e+01 3.222220510261597948e+00 8.970940878050001066e-01 1.518413373393179364e-03 1.269403999828684583e-03 1.187673177677512877e-03
4.558018592890498155e+00 4.577613809920013210e+00 5.662313031579148337e+00 1.000000000000000000e+00 1.782040246083916868e-01 5.332197641561158274e-01 4.593170224904773669e+00 1.614771126770498810e+01 3.334448574123120679e+00 7.569167262372831217e-01 3.489344993706029047e-03 4.522761600910229704e-03 4.396425049742303838e-03
5.248059783127634326e+00 4.598987001797295804e+00 4.788040081631553591e+00 1.000000000000000000e+00 1.726346319919094541e-01 3.757213648639972092e-01 5.302840295766102052e+00 1.419349993736964244e+01 2.873833198515886256e+00 9.439931453509438075e-01 1.570333417050195305e-03 1.437338904868141597e-03 1.455560922214330349e-03
6.133500773491967095e+00 4.187088289740152902e+00 3.332284114880304848e+00 1.000000000000000000e+00 1.282792028397532480e-01 4.470530308245186379e-01 5.150185482331910869e+00 1.590035385722909389e+01 2.743258100623502838e+00 9.811428047464413327e-01 3.867743881398870865e-03 4.009665571675090009e-03 3.734527679376161303e-03
6.597980594347768069e+00 7.886139694724063176e+00 4.473465674417825610e+00 1.000000000000000000e+00 1.169065981245136776e-01 4.366891804594867921e-01 5.793858464417154686e+00 1.350010205077177261e+01 2.859451852202313571e+00 1.090643812346804298e+00 1.362786356277593527e-03 1.236889422577255003e-03 1.525177848858895024e-03
6.385549162863267902e+00 4.744921383211108790e+00 6.433270070978849731e+00 1.000000000000000000e+00 1.570081783336545744e-01 5.573555719390562713e-01 5.708474930223224497e+00 1.439461680798550702e+01 2.882245952970724279e+00 1.176631883665798295e+00 4.438551143970250433e-03 4.091654031666348487e-03 3.169185428609514778e-03
6.861828266690322309e+00 6.241296207472352364e+00 9.927008238740377521e+00 1.000000000000000000e+00 1.859938451444103080e-01 3.863859695646790215e-01 6.385755497564669092e+00 1.386396176361123445e+01 3.255051430836062742e+00 1.180997100644443965e+00 1.422563204054328075e-03 1.471563713686978173e-03 1.572660620892419540e-03
7.373817861382828909e+00 3.397235660517900158e+00 2.810165650979216778e+00 1.000000000000000000e+00 2.327270507358389084e-01 4.003547910034786494e-01 6.202879808951721863e+00 1.490694622827375504e+01 3.069244013574426777e+00 1.585522514306118458e+00 3.998268984445866106e-03 4.020573002698454683e-03 3.652367773670599487e-03
4.852519696532123561e+00 4.661473244685955919e+00 6.334219971425671503e+00 1.000000000000000000e+00 1.962379175511070883e-01 3.366662659341900232e-01 5.679085047423840571e+00 1.519104664941288974e+01 3.060322809043069636e+00 2.015209908268575489e+00 1.720010063455047972e-03 1.508245311384013047e-03 1.737041305498524197e-03
7.490937247912209607e+00 5.443998553519490358e+00 7.122580604378233815e+00 1.000000000000000000e+00 2.312106164256551577e-01 4.494633574213914295e-01 4.848513857810769601e+00 1.300022442514127086e+01 3.154704382502507176e+00 2.109271300946846228e+00 3.329279123371549614e-03 3.208318764867935415e-03 2.975974305812025596e-03
6.023556674697357671e+00 4.340497293980964955e+00 4.102909257530388487e+00 1.000000000000000000e+00 2.396836277704244844e-01 3.827332285261114131e-01 5.282405721002196408e+00 1.479906189643445558e+01 3.339165925841413252e+00 2.106837858312111234e+00 1.782310210036411715e-03 2.039069247947126497e-03 1.981737184290764415e-03
7.844478278467373222e+00 4.615408104135013900e+00 4.069334200228579945e+00 1.000000000000000000e+00 2.618661745953985709e-01 4.895913535813262718e-01 4.952847974448900459e+00 1.720548449744387298e+01 2.881971852134339596e+00 2.264066612393180300e+00 3.060504727857783075e-03 2.592040705408450718e-03 2.611213794224203581e-03
8.560870863221229143e+00 2.809779164483948044e+00 5.577279485094118527e+00 1.000000000000000000e+00 3.054456067734338531e-01 4.032183909974472180e-01 5.166524591416858492e+00 1.640022293040723511e+01 2.975398413780013129e+00 2.822801526240823922e+00 1.921093625532672121e-03 2.179392830506875992e-03 2.357081594350905317e-03
7.439231381060075421e+00 3.184482696248929212e+00 3.856763666326341600e+00 1.000000000000000000e+00 3.530329331346293564e-01 4.243053971828848470e-01 5.284498321079436955e+00 1.506832397859072437e+01 2.823348036844568032e+00 2.653589539747267079e+00 3.579717069818152183e-03 3.024184198601387579e-03 2.513622250355647750e-03
6.862050160267835430e+00 2.972895528141217714e+00 4.654310388867209269e+00 1.000000000000000000e+00 2.673285209210425895e-01 3.926242672951680834e-01 4.101798050380818239e+00 1.431408119963931114e+01 2.707602559740099668e+00 2.884356610716804159e+00 1.481480719522090426e-03 2.263921369645473421e-03 2.513623522202074103e-03
6.997011162892595948e+00 2.897962378617842116e+00 4.303620174921869435e+00 1.000000000000000000e+00 3.557400882547329113e-01 5.109354322957513350e-01 4.154189134283377882e+00 1.392741390852284411e+01 3.223140019608619955e+00 2.982481007148537699e+00 4.072091388259376811e-03 2.384120608975134632e-03 2.494569101592965243e-03
8.828063114053435356e+00 2.225957222623490939e+00 6.983572263353801546e+00 1.000000000000000000e+00 3.413719888672882008e-01 5.751961214385700183e-01 3.809756224523766832e+00 1.367289076008372106e+01 2.755640041074070901e+00 2.577289350036516602e+00 1.318516690540113417e-03 2.482984091254190982e-03 2.050275355490211761e-03
8.899853135516856639e+00 2.438835134886983447e+00 7.950973068400987387e+00 1.000000000000000000e+00 3.787442519795717888e-01 4.182931560381814573e-01 4.022033169002301456e+00 1.593547118540222485e+01 3.071193556069801822e+00 2.440228502202185457e+00 4.370601466187395978e-03 2.590807013750676038e-03 2.935631401667330651e-03
8.543248456955129910e+00 2.649905580378117520e+00 5.839215806447286994e+00 1.000000000000000000e+00 3.488487260672641366e-01 5.172612095691697665e-01 4.443107211741693874e+00 1.520950883903786632e+01 3.074114355336496018e+00 2.778606707185411473e+00 1.491836123294183530e-03 2.339026931737462484e-03 1.965452326371758957e-03
5.597837270395160658e+00 1.220865581267684963e+00 4.076005227213964410e+00 1.000000000000000000e+00 3.594513342451417515e-01 5.056709679719412209e-01 4.003287620157709448e+00 1.428157690461116758e+01 2.931704482827433900e+00 3.433078071741320070e+00 3.406035268787301409e-03 2.350219920266567990e-03 2.760218979791138894e-03
8.798107269044917800e+00 3.832100330445311620e+00 3.101485286342229752e+00 1.000000000000000000e+00 4.844598419424203661e-01 4.846845064086351407e-01 4.616347565988387913e+00 1.622206498147236431e+01 3.167560818915849286e+00 3.250059564570938697e+00 1.950103453498708761e-03 2.995101563600080681e-03 2.058167347553298276e-03
5.257447366594901084e+00 3.994141163382930682e+00 4.718732502341618229e+00 1.000000000000000000e+00 3.698266237059174011e-01 3.912046722496406170e-01 5.987948374755572623e+00 1.633063980262769377e+01 3.293787148052343294e+00 4.164038711521921954e+00 3.161596924021943186e-03 2.165497392447843922e-03 3.050082695663717570e-03
6.394762829061105158e+00 4.699562247427293116e+00 5.210257355756825248e+00 1.000000000000000000e+00 4.040075534654885558e-01 3.112386876131630342e-01 6.839534748883741244e+00 1.556277352575346029e+01 3.553262644960016203e+00 4.296374849180403466e+00 1.955863866737625207e-03 2.581895067672123831e-03 1.536111020715942143e-03
8.045218258173818526e+00 6.481833990214493468e+00 4.407992338478911698e+00 1.000000000000000000e+00 3.488910695013802687e-01 3.435401327278275185e-01 6.885349341877188500e+00 1.670861417156241302e+01 3.354183887892911997e+00 4.730442546292706218e+00 3.337892266813087972e-03 2.361352039921025409e-03 3.791321881253695292e-03
8.197646529514994285e+00 1.762399832460339155e+00 5.388773548476761377e+00 1.000000000000000000e+00 4.029185004225503963e-01 2.833520818034083177e-01 7.304620730241394355e+00 1.829364986560332085e+01 3.512232837733038515e+00 5.423668043917311721e+00 1.713752039154663480e-03 2.109616971209780922e-03 1.782592364162015374e-03
6.312506060470214564e+00 7.837915942529658508e+00 6.103533203825309172e+00 1.000000000000000000e+00 3.630861477028564099e-01 3.124720838353294838e-01 7.043107933197198633e+00 1.535667826256698554e+01 3.048505825648759604e+00 5.539537572065889925e+00 3.131469874527642583e-03 2.895014642551093937e-03 3.521211399866374173e-03
6.243131807229630681e+00 6.888947772838584171e+00 2.595858613442598717e+00 1.000000000000000000e+00 2.479864252687123682e-01 3.677816723670105925e-01 6.698952861910672851e+00 1.332081286920082519e+01 3.492579437702901579e+00 6.228163092238278686e+00 1.746409081236302606e-03 1.915622829150092406e-03 1.720700190743082707e-03
8.120238259295767591e+00 2.463212828982782820e+00 3.712789986433215894e+00 1.000000000000000000e+00 3.610686112269337888e-01 4.332500000505624671e-01 5.645489887541674356e+00 1.601236052445135272e+01 2.506166011799137117e+00 5.588101086921859029e+00 3.577202649759290021e-03 2.442178962870909451e-03 3.400638923574816983e-03
3.494303653479322591e+00 2.352693349893237862e+00 3.073072415731370466e+00 1.000000000000000000e+00 4.489312239955062234e-01 4.190668611552688105e-01 5.167022660261761047e+00 1.533367726073985260e+01 3.462263504849550699e+00 5.865096273659057502e+00 1.566339665754957382e-03 2.190475274563665961e-03 1.855074320357947594e-03
6.654016834627687338e+00 5.227655169372132704e+00 1.051476755123477602e+01 1.000000000000000000e+00 4.308496031920734937e-01 3.695201401289169851e-01 5.267834774050289326e+00 1.371706236552829772e+01 2.975997742713754501e+00 6.474949582696028827e+00 3.933692408659843730e-03 2.322711194631418927e-03 2.760510993594494748e-03
7.058557277794885287e+00 5.896697408361660564e+00 3.418369650110360425e+00 1.000000000000000000e+00 5.825185266749410840e-01 3.963627788658030116e-01 5.539196673333870891e+00 1.333077646129622629e+01 3.089895898012886555e+00 7.017624833289499264e+00 1.470661192767461125e-03 2.325212710411753408e-03 2.402285588995774993e-03
6.186646307609871442e+00 6.098198842487635218e+00 7.238295422997227391e+00 1.000000000000000000e+00 6.136121931322280343e-01 4.562697870186810389e-01 5.380095887045676761e+00 1.448722941511604034e+01 3.200661637552594918e+00 8.264604818227022420e+00 3.840126808429933803e-03 2.374066993994132426e-03 1.974783324166529044e-03
8.148426016662929428e+00 3.739861602250453387e+00 5.630530209961115418e+00 1.000000000000000000e+00 5.124001944899828631e-01 4.101424029571109631e-01 5.268651049366946282e+00 1.398196607609424547e+01 2.805923511087503375e+00 8.837194772227228157e+00 1.370247150621234670e-03 2.254590230032651674e-03 2.566343344194266414e-03
6.526813657863283602e+00 3.991175608386889451e+00 8.146608160419242850e+00 1.000000000000000000e+00 4.832425210395263071e-01 4.011229916177097010e-01 5.627847282116601235e+00 1.321134824645110051e+01 2.718861952356384393e+00 9.636662483930592771e+00 3.910591764588168540e-03 2.605613464707640971e-03 2.111059922859361612e-03
7.131210293113571019e+00 1.352788693198494485e+00 1.081288877883864519e+00 1.000000000000000000e+00 3.452099962609190276e-01 4.224987595576182864e-01 5.452598771443340375e+00 1.628926358380000750e+01 3.176573815064160478e+00 7.262989576511097667e+00 1.355613823196737426e-03 1.928230750957646939e-03 2.901364452579019426e-03
8.594486082660258930e+00 5.493939917553044339e+00 6.544033926779640353e+00 1.000000000000000000e+00 4.225138447368483874e-01 4.453840472318060240e-01 5.380546989957930570e+00 1.446772919828606696e+01 2.989935790511390579e+00 8.644419443880670073e+00 4.922493027657044197e-03 2.650606198891001120e-03 2.153538691593012439e-03
6.016875939320499356e+00 2.819743978140091034e+00 4.090085284935323529e+00 1.000000000000000000e+00 4.293631642066509380e-01 4.818271657534823338e-01 5.561953725486366906e+00 1.346289367463033315e+01 2.716944261334740318e+00 8.525306942687931766e+00 1.322067866595158601e-03 2.096864685440525018e-03 2.806793988284309125e-03
5.003174262053003751e+00 9.294419984683830904e+00 3.054174894636682236e+00 1.000000000000000000e+00 3.193993301457319633e-01 4.482756973794492783e-01 6.034184162936840679e+00 1.420556981673178498e+01 2.776433725975391287e+00 7.463698186071033192e+00 4.087556790326291392e-03 2.757174507313260234e-03 2.025737497164729634e-03
6.999826959948538097e+00 4.052625153490180487e+00 5.052680629660288858e+00 1.000000000000000000e+00 2.488716591559045899e-01 4.219446409434304268e-01 5.785995574094111582e+00 1.409501314248250736e+01 3.036827622870862609e+00 6.401444551021469032e+00 1.584496259128633172e-03 2.552178963342447045e-03 2.933544304798370306e-03
6.915271906349812703e+00 3.938536182280205189e+00 7.490924933386180484e+00 1.000000000000000000e+00 3.259864763328149673e-01 4.366211780016867605e-01 5.541890939225750046e+00 1.498371343337589678e+01 3.348902945060537206e+00 5.635923907608744621e+00 3.705590834562377464e-03 2.463026262719974786e-03 1.750496258304944748e-03
7.623818381352482021e+00 2.462058134490242800e+00 3.396612546918316600e+00 1.000000000000000000e+00 5.675244246955216676e-01 4.861963224931052374e-01 4.684666409537597609e+00 1.251882306983788240e+01 3.002780515650502746e+00 5.166386221738101803e+00 1.615123236892648719e-03 2.295279480730407634e-03 2.963492402898152203e-03
5.396857754416299890e+00 5.255037435922189637e+00 6.159742319615796546e+00 1.000000000000000000e+00 3.812426044180990403e-01 4.680944874176900528e-01 4.558879980819187772e+00 1.532284050648176787e+01 2.491841251688516667e+00 4.793725993932108409e+00 3.373189695560924357e-03 2.202242303062745127e-03 2.229973472454697871e-03
7.518350762150430633e+00 2.731430409347567867e+00 4.603314627607953291e+00 1.000000000000000000e+00 4.172124404621885274e-01 5.056079085589192390e-01 4.345907101632021430e+00 1.377400726843139189e+01 2.860404224945208629e+00 4.581719439778561664e+00 1.533028973931200309e-03 2.610861496787166003e-03 2.425807983305551443e-03
7.921141351670001995e+00 2.037048633340469816e+00 5.571602684916425297e+00 1.000000000000000000e+00 6.561398235002067203e-01 5.788583025497094914e-01 4.310712776118278633e+00 1.368618218471165271e+01 3.095165878327968301e+00 4.845211370172981091e+00 3.681576672800027702e-03 2.688259018418855117e-03 2.234379289361609639e-03
6.271466091304120027e+00 2.233769116515079034e+00 5.949884715572139271e+00 1.000000000000000000e+00 5.409017049214813744e-01 4.364452201715471880e-01 3.461656110327963720e+00 1.490000276669269041e+01 3.023465572330764406e+00 5.127835490160245868e+00 1.503079780587758974e-03 2.226561624233023510e-03 3.439096604765003260e-03
8.148134968489587848e+00 4.521111281314419195e+00 4.768615421608229710e+00 1.000000000000000000e+00 4.661867521052190932e-01 5.505546341190465931e-01 3.562017903571746746e+00 1.440107644273829379e+01 3.110943367605881527e+00 4.899549683552028689e+00 3.846844106475464167e-03 2.641162147032357060e-03 1.446308852443673040e-03
7.864039858490796675e+00 3.850301369314743649e+00 5.018633503033240295e+00 1.000000000000000000e+00 6.247547196381310064e-01 6.183791882267473117e-01 3.719737732797892882e+00 1.480949902786682237e+01 2.870261135095581562e+00 4.762356251170090538e+00 1.368876480633313521e-03 2.102815864122396534e-03 4.103721712968475335e-03
7.984324775184344247e+00 6.770717894215649402e+00 8.857851389093122307e+00 1.000000000000000000e+00 6.189657851990639781e-01 5.851430933303680693e-01 3.672438651222929895e+00 1.302595998897306906e+01 2.520520746528629896e+00 5.751389011003182894e+00 3.549222725354890615e-03 2.761336758546090609e-03 1.361892876639366748e-03
5.439739069300391527e+00 3.579723411123947319e+00 2.726182019424471026e+00 1.000000000000000000e+00 4.130090812509187304e-01 5.034367906312234853e-01 3.516404068573453223e+00 1.896525783173678192e+01 3.288086995664551093e+00 6.518580187585488517e+00 1.598147128573976184e-03 2.268643074608159369e-03 4.478817519636322207e-03
8.290805849149334605e+00 4.467952641749593390e+00 5.051445854619508680e+00 1.000000000000000000e+00 6.819510927626640795e-01 6.433885506260541565e-01 3.160195496303640716e+00 1.556605709070659493e+01 2.851952978218400769e+00 4.768749784388798041e+00 3.566656728946268010e-03 2.389497622192888332e-03 1.567508982838471208e-03
5.285106110665534374e+00 2.263282754239029693e+00 5.750928109717713177e+00 1.000000000000000000e+00 5.369630255932617002e-01 5.445763703916107756e-01 3.001785334911578840e+00 1.530391481466883974e+01 2.898627238740442369e+00 4.783446701222095143e+00 1.903454661963829408e-03 2.318042791543528398e-03 3.508059361239588159e-03
7.014016524551293763e+00 1.950378459831960010e+00 3.950430375081289469e+00 1.000000000000000000e+00 5.466971096625815596e-01 5.446821481768605588e-01 2.836730867516738641e+00 1.613044024710193014e+01 3.108954265040567044e+00 4.499304651969901592e+00 2.823255705204030797e-03 2.280973096195570548e-03 1.793700910819936902e-03
9.703244703315863973e+00 6.469077393664575126e-01 2.937482148585338848e+00 1.000000000000000000e+00 5.975033303839855092e-01 6.452608305698719349e-01 3.386080541865034377e+00 1.614436487255850139e+01 2.994358445546455361e+00 4.459224662702658826e+00 1.833701891257966165e-03 2.942627445354312199e-03 2.600208782703715762e-03
7.273568683140714697e+00 1.720724241010768374e+00 1.977786775195847779e+00 1.000000000000000000e+00 5.801698589844224152e-01 5.883141719078757159e-01 2.612142658912034676e+00 1.572211261967904328e+01 2.856062151252769077e+00 4.031203327317358642e+00 3.276997982600108727e-03 2.167919237854622639e-03 1.979364177370943403e-03
6.030846266456405758e+00 3.549576899355871618e+00 2.949768506566934345e+00 1.000000000000000000e+00 5.614231695546951784e-01 5.772980716058285777e-01 2.400869906115653318e+00 1.658495274518799789e+01 2.731009843879038446e+00 3.929609830293113948e+00 1.714602026005031428e-03 2.810210648132407604e-03 3.003624595672458285e-03
4.733552200286934131e+00 2.050431848596494966e+00 3.666577409147208755e+00 1.000000000000000000e+00 5.756648866569917811e-01 4.946426818101934408e-01 2.677145412430101068e+00 1.648275488148414070e+01 3.373265970471647890e+00 3.210039693079461465e+00 3.712911096223553593e-03 1.965606379158382159e-03 2.234143730808644569e-03
9.326090628103168356e+00 6.560934582476027011e+00 3.544466396146986664e+00 1.000000000000000000e+00 4.737052379482442066e-01 6.172686643882258073e-01 2.889525981065273363e+00 1.420965893290363624e+01 2.884530289695096172e+00 2.981290147851170413e+00 1.996115257834166472e-03 2.849922558653888299e-03 2.269774662863546181e-03
6.901301021539698155e+00 3.999352049673741583e+00 5.630052073893342168e+00 1.000000000000000000e+00 3.332998423918238640e-01 5.419625493212323342e-01 2.623219921184627434e+00 1.726051345950892113e+01 3.228071962974677245e+00 3.295966276515561511e+00 3.199307247460288564e-03 2.178599088503516395e-03 2.234592079044568722e-03
6.599328935443960376e+00 3.392792433840234434e+00 4.772093643200345348e+00 1.000000000000000000e+00 3.835473129926024183e-01 6.381673414750679285e-01 2.613318347286619936e+00 1.426336644363658657e+01 3.150402330461756328e+00 3.332399031063610018e+00 1.743186685364837233e-03 2.388335465980952286e-03 2.453157672202381078e-03
5.975621573707961431e+00 4.024206138995364945e+00 6.277269592796754338e+00 1.000000000000000000e+00 3.756687811864345417e-01 5.414978813115036704e-01 2.768612918608810425e+00 1.449843681948788188e+01 3.131302210745531500e+00 3.042905051009276107e+00 3.421995957064480343e-03 1.779589780709700921e-03 2.352815172926988121e-03
6.757702733691729691e+00 5.882557229420839029e+00 4.179166990758139022e+00 1.000000000000000000e+00 4.372224440755518304e-01 6.014547896181163811e-01 3.088304737309739423e+00 1.479141247220986166e+01 3.107746509984055994e+00 3.193973315618928499e+00 1.931574946341139921e-03 3.040713050069660233e-03 2.718104665012921733e-03
7.798644512387784111e+00 2.037690861573687506e+00 4.088245557364938776e+00 1.000000000000000000e+00 3.502684190164698785e-01 5.466357229296401332e-01 2.889862799921021352e+00 1.651424204428912290e+01 2.919664666563451139e+00 3.055551236747225285e+00 2.719929882697295735e-03 1.835964147740853664e-03 2.339278418875800555e-03
7.376299173195572934e+00 3.715313957014321211e+00 3.580885094931121504e+00 1.000000000000000000e+00 4.324857092930724511e-01 4.686326079137992928e-01 2.979843155441317837e+00 1.570974013332851804e+01 3.000026505847616765e+00 3.259907547514965032e+00 2.132102350922568650e-03 3.065182316896055466e-03 2.325659136145788539e-03
6.475148571884467685e+00 5.032358307129146446e+00 2.047137444157326236e+00 1.000000000000000000e+00 4.688719808900601582e-01 5.286825118987424910e-01 2.873544930276286991e+00 1.520882122015862414e+01 2.879295245793133784e+00 2.988209295878665905e+00 2.481263144276432426e-03 2.120887074069739611e-03 2.486654656033073819e-03
6.391094514685173422e+00 5.381671925800802114e+00 2.151205344656660134e+00 1.000000000000000000e+00 4.588248230882514545e-01 5.043768548757802117e-01 2.683237620167521431e+00 1.576697474888766415e+01 3.199381880301059855e+00 2.620920780639580894e+00 2.344699323963721736e-03 3.089733146885980265e-03 2.679477446508534994e-03
8.098387626558771757e+00 2.206718884227469424e+00 3.947483154606604927e+00 1.000000000000000000e+00 3.711981473870720194e-01 5.584984087912570061e-01 2.727001050503153223e+00 1.623253335920264817e+01 3.218989343432284489e+00 2.616665163726492160e+00 2.686604583970127018e-03 2.000063822488409686e-03 2.011730114873398756e-03
7.403635481222534231e+00 1.991501988389874356e+00 5.273855673355932083e+00 1.000000000000000000e+00 3.752310666290221142e-01 6.103049230447448181e-01 2.657931552681927379e+00 1.628416039046788200e+01 3.450430089030894987e+00 2.226805790361370274e+00 1.983985049313488798e-03 3.253259415185034888e-03 3.009816842019435740e-03
8.532383480329132297e+00 3.167775558435789840e+00 1.364746271255361076e+00 1.000000000000000000e+00 2.946551975519832722e-01 6.005644634039505325e-01 3.016093145264333142e+00 1.629003947338842195e+01 3.211752410945491132e+00 2.104530001868159417e+00 2.461058212587538194e-03 1.791832971968782082e-03 1.655958269778864088e-03
6.291414660388519486e+00 1.428454704571379352e+00 1.813672047816790478e+00 1.000000000000000000e+00 3.485342336534485996e-01 5.292428680834582178e-01 3.115122061505261719e+00 1.623176251738030018e+01 3.024314958324493929e+00 1.742132245951046654e+00 2.251810731144971312e-03 2.907265850826593664e-03 3.483714852114211391e-03
7.922204177664568192e+00 4.825169992014679998e+00 2.337539422271561751e+00 1.000000000000000000e+00 2.632468506805066832e-01 4.000976679706640393e-01 2.896529971481001553e+00 1.589381272386605382e+01 3.119664652333910215e+00 1.834656655748635901e+00 2.623354381427688963e-03 1.799675185640458881e-03 1.477027606627016963e-03
6.348125249889278621e+00 2.150803988402048894e+00 6.552038829563249678e+00 1.000000000000000000e+00 2.948236454859016753e-01 5.286703251558904082e-01 2.961353841188829161e+00 1.575128247571581142e+01 2.975774929904960953e+00 1.719828216100484308e+00 1.830828562658754063e-03 2.922039900239234260e-03 3.677872065907853392e-03
9.037896250078615523e+00 2.359030395560517412e+00 4.344076224916605611e+00 1.000000000000000000e+00 2.850763113790096281e-01 5.499423795632079059e-01 3.271554328212045171e+00 1.596710067453474657e+01 3.086102470131022901e+00 1.744163996449212384e+00 3.324950021791539187e-03 1.693963817046457770e-03 1.764122789567466442e-03
8.354255027355822705e+00 3.986681407101586139e+00 7.764294296161023290e+00 1.000000000000000000e+00 2.597845827236546223e-01 5.291860820378676555e-01 3.155536757796705505e+00 1.444624356601544868e+01 2.943825868662391265e+00 2.019852013701945115e+00 1.449167738876662448e-03 3.294356605206272270e-03 3.344718106177170351e-03
6.958231573869105624e+00 4.750126610893816270e+00 5.474368817017434274e+00 1.000000000000000000e+00 2.760173076396577052e-01 5.189004211939335365e-01 3.901192815890454302e+00 1.360062319271585807e+01 2.715356264536119113e+00 1.870453872327793921e+00 4.451280852476921686e-03 1.558591977287495517e-03 2.073182069038398499e-03
6.273112647753228188e+00 4.638068990055133511e+00 3.980311469026176940e+00 1.000000000000000000e+00 3.860511249655966259e-01 6.094700461489850341e-01 3.746794670815510209e+00 1.350179927126311696e+01 2.925094017509016542e+00 1.834414818688285598e+00 1.308476175130719645e-03 4.198348972762310123e-03 3.113552522640711858e-03
6.278470492369285338e+00 4.871887839850050916e+00 4.373008499329632315e+00 1.000000000000000000e+00 3.300614917309654395e-01 5.663663349475643871e-01 3.613172823183691040e+00 1.588186987016739060e+01 3.181128993134266558e+00 1.946544200181177686e+00 4.442375063291367082e-03 1.644022384627275100e-03 1.758443479854869974e-03
5.532805242485669517e+00 4.764910217786371582e+00 3.044915388288855329e+00 1.000000000000000000e+00 3.489632087415402983e-01 4.958706256597315010e-01 4.045082296256383714e+00 1.592599558026711293e+01 2.545391204652996731e+00 1.982019384636026338e+00 1.388335913441591119e-03 3.310184613456767459e-03 3.363842981144678224e-03
5.911250271755568164e+00 5.666051190265402049e+00 2.656308161712978233e+00 1.000000000000000000e+00 3.153598299309858244e-01 5.064384571619092723e-01 3.767755707750676475e+00 1.536628449068300206e+01 2.852102551195775160e+00 2.442114559732441847e+00 4.188362809663057247e-03 1.642062589698151109e-03 1.811686683340567143e-03
5.065430110402835417e+00 4.796408099548517434e+00 3.334123593356520310e+00 1.000000000000000000e+00 2.869466771914301884e-01 4.867721802674858655e-01 3.708731009152637537e+00 1.239556679092410363e+01 3.103023319615785702e+00 2.243558209354403310e+00 1.377086174903145808e-03 3.477652310114559813e-03 3.006953222871081976e-03
5.594543991168587027e+00 1.294351777498646605e+00 3.806712299831259472e+00 1.000000000000000000e+00 2.708835010389635256e-01 4.609366286010114222e-01 3.930713830209649817e+00 1.387847596479305601e+01 2.812308516148483317e+00 2.376697712728311096e+00 4.126841894205522145e-03 1.507471911768090310e-03 1.921727295808842726e-03
8.160429480563122340e+00 5.258855115802504976e+00 4.571283720257393490e+00 1.000000000000000000e+00 2.252040375522137705e-01 5.117521947385134107e-01 3.973498441595909370e+00 1.528929893579389443e+01 3.204126807527231335e+00 2.110401230782583237e+00 1.153218555753065004e-03 3.304228194286703679e-03 2.607999262911429340e-03
6.383401899981894445e+00 2.826170225123744828e+00 3.979911049858618100e+00 1.000000000000000000e+00 2.549724813586545791e-01 5.815021138926241839e-01 4.270045982958716735e+00 1.375495338530826217e+01 2.446124978227077307e+00 1.791987369740926983e+00 4.584152260251784725e-03 2.025661777248007056e-03 2.089221363080462877e-03
8.897107082998513050e+00 2.396469405607720482e+00 3.544196378075404663e+00 1.000000000000000000e+00 2.749940836183217274e-01 4.690700455391493828e-01 3.526447027929753730e+00 1.569564821777606234e+01 3.186444514102264591e+00 1.949048369418704407e+00 1.198056408083326757e-03 3.519781700975329903e-03 2.044928820186253226e-03
5.331131296046910606e+00 3.356669315158402611e+00 5.292311580108366442e+00 1.000000000000000000e+00 3.128189224495147025e-01 5.287497162454524169e-01 3.902208253020654549e+00 1.296083771147379871e+01 2.979955631960843565e+00 1.759296989300635827e+00 4.386960828089573119e-03 1.613853261490448164e-03 2.965815987235679609e-03
7.377688029937583103e+00 4.482638248086355581e+00 4.194430576544029066e+00 1.000000000000000000e+00 2.632497642328940901e-01 4.427410140532712646e-01 3.685354102031425327e+00 1.535100892288579466e+01 2.878327357824072230e+00 1.795692085232033719e+00 1.495868575752565439e-03 2.968587069821597250e-03 1.929937028625094541e-03
9.784092108112270481e+00 4.434487444017573665e+00 5.112072469377938688e+00 1.000000000000000000e+00 2.893185572642172909e-01 3.751239293278407216e-01 3.537518185955649930e+00 1.237871597964109327e+01 2.928526959355104875e+00 1.852044603439914727e+00 3.418219990436093501e-03 1.746488394011044745e-03 2.715816748666713930e-03
8.893985109715105253e+00 3.989335676396083663e+00 8.499306070499363486e+00 1.000000000000000000e+00 2.611713672764860439e-01 5.446544319015428348e-01 3.905739047729420044e+00 1.449211279403320241e+01 3.092751219510958105e+00 1.846779898391606389e+00 1.583584751055191423e-03 3.164559922821785515e-03 2.213870801182533671e-03
6.461879517220588731e+00 5.481240096828724262e+00 5.797689957865429733e+00 1.000000000000000000e+00 2.487806833231030468e-01 5.166934387480598412e-01 3.682148372457136443e+00 1.626096220438645190e+01 3.384671725710617807e+00 1.840401583506966254e+00 3.677903868507258027e-03 1.925089360182833482e-03 2.399759042155882958e-03
8.360309090090114026e+00 4.917932114098395147e+00 2.166327962984269107e+00 1.000000000000000000e+00 2.534488083919232415e-01 3.975384270034848511e-01 3.913174451654214625e+00 1.850559903762680491e+01 2.994146211852110273e+00 2.157225590692279482e+00 1.804725590468855747e-03 2.740935456855247542e-03 2.145225792941081455e-03
5.963940849718254889e+00 3.020395636997489586e+00 5.991311991808130344e+00 1.000000000000000000e+00 2.810280311766917283e-01 5.766852267200939242e-01 3.655995903719329476e+00 1.554163244199052052e+01 3.289735815579623690e+00 2.332566486307480425e+00 3.170705749215055672e-03 2.143175648240983663e-03 2.620085538599020714e-03
6.615716518666894252e+00 2.754424374893074123e+00 5.003714511414020905e+00 1.000000000000000000e+00 2.735968802002328171e-01 5.803091247111498152e-01 3.258824319475153164e+00 1.501377091445822742e+01 2.712497338637609445e+00 2.029617733996778028e+00 1.906495702876200189e-03 2.568317962194285268e-03 2.394607252766808338e-03
6.472703603495085112e+00 1.628378207430310143e+00 5.852208087446559404e+00 1.000000000000000000e+00 4.529643744211309109e-01 6.735347456216589368e-01 2.977774664440888674e+00 1.280586454087183590e+01 2.385511664002048171e+00 2.219036696671555120e+00 2.958306248517479555e-03 2.010786797220615561e-03 2.486494639002911032e-03
5.438408763429706028e+00 1.413067434911820852e+00 3.919533327083523755e+00 1.000000000000000000e+00 3.669199176378763472e-01 6.111524168079983665e-01 3.375185674633898625e+00 1.295321902391170354e+01 2.643369964908739878e+00 2.667393130977295801e+00 2.152998545470323575e-03 3.005399987065704957e-03 2.277133300655518038e-03
5.700223172676639471e+00 2.302279799154175688e+00 6.281905393718623110e+00 1.000000000000000000e+00 3.599620344818865170e-01 5.467136580869750295e-01 3.478420185685541455e+00 1.507031280934875461e+01 3.224005997511893984e+00 2.927665685054047451e+00 2.545316013025438525e-03 2.028475361141584589e-03 2.761334497326277219e-03
3.860185561467830428e+00 1.280637685070997733e+00 8.639452218560213836e+00 1.000000000000000000e+00 3.416457169959452034e-01 6.129349981196530184e-01 3.740862423367918854e+00 1.565101561288761900e+01 3.180206039497309956e+00 2.758533899522173982e+00 2.449259460235571947e-03 3.110711760555152656e-03 1.893591685588623223e-03
6.125216232500861224e+00 1.973057878656380826e+00 2.455458598975859275e+00 1.000000000000000000e+00 2.929393607181230985e-01 5.255593788505631414e-01 3.546518418184451349e+00 1.682360369184544524e+01 3.062136142773524305e+00 2.463570800264915484e+00 2.398710399390133023e-03 1.672856258297309882e-03 3.224444314772458887e-03
7.057269789962280271e+00 1.041121625309799903e+00 4.671953566586289242e+00 1.000000000000000000e+00 3.931809855050621971e-01 5.640827411854903994e-01 3.611654319293060134e+00 1.378818710344706133e+01 3.035626464381599110e+00 2.478993915180486063e+00 2.277156149964889263e-03 2.952939573886442185e-03 1.569551839855269073e-03
8.717474013101458752e+00 2.045376046313789775e+00 3.304437523378619179e+00 1.000000000000000000e+00 4.057513496069728443e-01 5.003727823231745031e-01 3.483601178478102245e+00 1.448495142180733986e+01 3.139350818090836714e+00 2.401365880029193711e+00 2.367196821517258964e-03 1.843271516515320807e-03 3.659954224881433772e-03
7.758635057424324799e+00 2.884134062966352108e+00 3.214601662354303890e+00 1.000000000000000000e+00 3.480992676721554324e-01 4.330031969538521985e-01 3.510001089934066787e+00 1.475274554150221640e+01 3.261502365161256911e+00 2.369472226290248784e+00 2.409945303878427772e-03 3.137285827075050881e-03 1.840101115431335733e-03
6.995688056300713775e+00 4.195447369701773788e+00 2.803012306497188355e+00 1.000000000000000000e+00 3.284273396728837890e-01 4.867036767135136666e-01 4.235765238732223104e+00 1.236471833568745637e+01 3.512822369158106639e+00 2.648897795964995083e+00 2.505959795790887058e-03 1.818705712452669447e-03 3.436027817248984550e-03
7.536786759561882931e+00 6.338456038381085733e+00 4.927303279876749542e+00 1.000000000000000000e+00 3.016312777928844002e-01 5.442063127280535317e-01 4.113993836325088971e+00 1.546649777599599496e+01 2.580856004638099943e+00 2.031019018445936020e+00 2.232810580641610317e-03 3.076558955666365124e-03 1.967512577634915414e-03
5.470274949728591629e+00 3.478062437492327685e+00 4.393192356127761045e+00 1.000000000000000000e+00 3.050382716133681060e-01 5.322528906315311392e-01 4.305257138981417597e+00 1.455229704166381310e+01 2.568019345754647187e+00 1.920772930189759364e+00 2.034296855111453108e-03 2.179394481827169605e-03 2.752507732698735408e-03
7.478592562695580703e+00 3.779448036566888103e+00 7.139662787144843037e+00 1.000000000000000000e+00 2.454754998993179393e-01 5.342576076205041158e-01 4.202443704977627981e+00 1.389333574520398074e+01 2.931014191674413460e+00 1.541828217973624682e+00 2.699163235245595656e-03 2.630091564661454946e-03 2.037566634949574025e-03
8.861997488143854795e+00 3.938307353611463668e+00 2.731668835197847756e+00 1.000000000000000000e+00 2.018421116250688763e-01 4.176235773836576293e-01 3.999572401405397937e+00 1.672194801590671531e+01 2.679037026498674479e+00 1.551914334094887105e+00 2.231228405183912061e-03 2.424255230433990625e-03 2.676061780677108006e-03
4.915394314080486993e+00 2.385343905085730576e+00 5.997196541285154225e+00 1.000000000000000000e+00 2.743594199898574115e-01 4.318555033328486670e-01 4.091663701388251972e+00 1.496283387516824170e+01 3.183318855965824312e+00 1.596484376446861919e+00 2.801964492439114763e-03 2.576517303021629013e-03 2.094372111246857807e-03
6.955490342496903011e+00 1.120504840432120064e+00 6.136713518403676737e+00 1.000000000000000000e+00 3.259937567970561667e-01 4.833402291892475167e-01 4.058498853858170108e+00 1.338036132003290923e+01 2.864057103405428961e+00 1.437779189644218691e+00 2.208410479141320864e-03 2.649105533422250070e-03 2.886803483564727608e-03
6.258720713416518144e+00 4.733276836607375415e+00 2.910433089538652318e+00 1.000000000000000000e+00 2.964606870838611963e-01 4.126922963657406185e-01 3.709498586710157753e+00 1.485196701415519804e+01 3.177394618801224535e+00 1.863405315947605612e+00 2.396922425107709566e-03 2.098625629205365124e-03 1.939552610865283690e-03
5.505253418394484122e+00 4.962524468358153307e+00 5.815245712125955535e+00 1.000000000000000000e+00 3.448252993200284777e-01 4.677083574953863621e-01 4.294751215362134111e+00 1.423307264737772826e+01 2.581897505135110293e+00 1.785698294248223350e+00 2.309840288247799397e-03 3.086812594383058807e-03 2.803552607874385764e-03
7.047495713243955073e+00 3.475347453282324750e+00 2.920263136965384199e+00 1.000000000000000000e+00 3.086620771827894849e-01 4.347878646858118201e-01 4.345844615649372855e+00 1.300433220564000791e+01 2.919097317066867259e+00 2.132461826124214532e+00 2.276601199344213504e-03 1.709978226694284457e-03 1.870748786807908959e-03
7.203429164695578812e+00 3.412392602782055029e+00 1.217574719448079179e+01 1.000000000000000000e+00 3.958074088697023374e-01 4.172638369146481896e-01 4.459433716637593470e+00 1.295333547628520954e+01 2.958156946724318281e+00 2.103187704071549646e+00 2.439583258518136961e-03 3.426775792976093169e-03 2.858809679000873672e-03
6.938335940405992552e+00 4.581370648513900079e+00 5.224119890809686417e+00 1.000000000000000000e+00 4.053245843838842455e-01 4.327303463813234607e-01 4.783125643142760453e+00 1.352423954018968466e+01 3.189542305545545187e+00 1.991064336016995506e+00 1.961939814599551659e-03 1.683764698087811002e-03 1.962996691940442715e-03
7.952411997030391255e+00 3.826607568100083956e+00 7.292999845076789001e+00 1.000000000000000000e+00 3.493607893464003022e-01 4.452077130320953313e-01 4.819575311730747380e+00 1.611178488471875170e+01 3.505261667082483434e+00 2.086723162629083639e+00 2.575390527263401227e-03 3.441070167451166281e-03 3.322829308068700992e-03
6.340166896969209098e+00 4.881837991425072687e+00 5.888855506792721961e+00 1.000000000000000000e+00 2.376771829669190872e-01 3.913647508262656505e-01 5.569430446431248072e+00 1.288837523272924734e+01 3.278279766430823639e+00 2.307383193432777979e+00 2.129025194076869260e-03 1.787948872629581583e-03 1.622670179630541229e-03
6.666083527903667871e+00 4.531315351435011074e+00 9.335089222360563710e+00 1.000000000000000000e+00 3.018007874143883162e-01 3.994478005316468017e-01 5.801870355429478820e+00 1.417680939706230880e+01 2.708201677239103766e+00 2.536442383314676530e+00 2.767775669016449107e-03 4.001755277940369573e-03 3.277847194500728856e-03
6.972263001223611312e+00 4.689309221754660584e+00 9.132776044973760499e-01 1.000000000000000000e+00 2.407193152591416141e-01 4.085820157150673038e-01 6.807328526820573877e+00 1.531478840186323964e+01 2.754996821343663527e+00 3.066907039350334596e+00 1.898658918454346331e-03 1.290826874191951376e-03 1.869277254460504235e-03
5.971102484889740936e+00 7.568960604134187697e+00 -5.883689137238157230e-01 1.000000000000000000e+00 2.067823162984006036e-01 3.590229878619000670e-01 6.206041463035917083e+00 1.570148008721300492e+01 3.016615085557835307e+00 2.980683045343174520e+00 2.947613010172363355e-03 4.118764457332033807e-03 2.954252869561926030e-03
4.646167087616690061e+00 4.944578430779661637e+00 4.544515718999043941e+00 1.000000000000000000e+00 2.699428053662251137e-01 3.536355279599174839e-01 5.733401554434754743e+00 1.605478442788507465e+01 2.887227102668826539e+00 3.214259800680522083e+00 2.011518127089809930e-03 1.435642761367899277e-03 2.059515504323762049e-03
6.702559581413272127e+00 5.658767829973101904e+00 3.423831460572690055e+00 1.000000000000000000e+00 3.853727841942221621e-01 4.076882544762486793e-01 4.226269687545247677e+00 1.594622574920142100e+01 2.684811184831414010e+00 3.195788899245776360e+00 2.714749945347284636e-03 3.300141553503489061e-03 2.600182772142302281e-03
6.240457875314602276e+00 3.270254082088084324e+00 3.297601703449504651e+00 1.000000000000000000e+00 3.702296899872776215e-01 4.067845677012326133e-01 5.788790036238833814e+00 1.460358806409458587e+01 3.106768609226764344e+00 2.871282265296991376e+00 2.240710385063662737e-03 1.899462014064325858e-03 2.633666128315706369e-03
2.947735408988406913e+00 4.654631286837284776e+00 6.464539155901916523e+00 1.000000000000000000e+00 3.350218806702529029e-01 3.544339076367739039e-01 4.245903681158810450e+00 1.565860647430115193e+01 3.193366692118614569e+00 2.550381117710514012e+00 2.611063743274815666e-03 2.736425164290604787e-03 2.330209497623268299e-03
8.826805613686346419e+00 2.294720887664897013e+00 -1.257443696298201630e-01 1.000000000000000000e+00 3.720786150817833593e-01 4.400761713953464382e-01 4.457520092805297374e+00 1.672346850359871695e+01 3.181015872569302072e+00 2.706789528930817479e+00 2.277059070969308235e-03 1.988891606098336460e-03 2.405317195508977629e-03
7.644529843447127604e+00 3.361396691129637126e+00 5.180324077207830058e+00 1.000000000000000000e+00 3.200973359211772840e-01 5.066865076760231901e-01 4.019545993046349963e+00 1.501026194830108196e+01 2.794188841589270389e+00 2.606747909795053886e+00 2.339809559888218673e-03 3.201046511979220230e-03 2.239351316066698089e-03
8.295079190671623692e+00 3.819504689948820531e+00 5.544672795076488470e+00 1.000000000000000000e+00 3.235355521067008744e-01 5.120060275271461903e-01 3.839893246301533836e+00 1.619533323480003872e+01 3.570975136056667498e+00 2.147194482284916717e+00 2.321890543402285473e-03 1.580494673066766163e-03 2.602439635187536477e-03
7.635054247370370639e+00 5.571142571474052119e+00 3.975746419915999308e+00 1.000000000000000000e+00 2.326063884500989554e-01 3.891254884578731477e-01 3.977346310948055130e+00 1.580222950443704377e+01 3.195435161493763054e+00 1.831230336608668852e+00 2.294804415037731294e-03 3.729822475125325627e-03 2.221438030866662149e-03
8.171903129642663188e+00 2.604023973314863127e+00 3.295733060172353124e+00 1.000000000000000000e+00 2.669486263979133356e-01 5.452040913060938188e-01 4.051697069266627871e+00 1.558388141844651287e+01 2.645398067666369979e+00 1.496350086348708919e+00 2.621982366718764428e-03 1.404260815699497154e-03 2.496065130022404738e-03
7.823494646305179323e+00 6.781686186802078353e-01 2.487403960870017805e+00 1.000000000000000000e+00 2.286341433996660344e-01 4.593218695372842109e-01 3.326783243456365557e+00 1.591643677826419889e+01 3.428349778654573132e+00 1.482213769659122882e+00 2.215964400600250409e-03 3.824948871803637851e-03 2.269002557925405960e-03
7.911885581765120357e+00 3.433250774381874759e+00 1.897016742052548777e+00 1.000000000000000000e+00 2.490320057020483924e-01 4.697115496667904622e-01 3.222387813165039194e+00 1.592793424880555087e+01 3.353727080304562680e+00 1.554046330895415551e+00 2.779247881877738684e-03 1.280995783725395179e-03 2.381322363013073980e-03
6.503827111527527904e+00 3.932346461124500259e+00 4.926040743802633237e+00 1.000000000000000000e+00 3.052598424418844769e-01 5.521938394057264166e-01 2.928554221750869324e+00 1.660913792121884924e+01 3.131023495030147430e+00 1.458712139063523816e+00 2.142206443318682343e-03 3.882239602808362691e-03 2.105143488950141518e-03
8.066232628079534450e+00 2.959612192704083711e+00 4.025739982849624532e+00 1.000000000000000000e+00 3.464402266732659053e-01 5.666641052061552886e-01 3.171811637005668150e+00 1.519592375115647620e+01 2.640019255958537592e+00 1.710058254464490002e+00 2.436216565197045145e-03 1.609772624634470649e-03 2.358382756135631118e-03
7.256261529815986933e+00 4.929427450208241801e+00 3.195530784334360774e+00 1.000000000000000000e+00 2.778936242587917160e-01 5.630022014609179504e-01 3.537806438752459925e+00 1.365401202684928350e+01 2.716720569177470512e+00 1.527285457036655414e+00 2.340596386688205237e-03 3.560667549503165191e-03 2.306498194606220169e-03
7.116337807686206496e+00 3.473726361234392712e+00 5.385657224071366933e+00 1.000000000000000000e+00 3.100055557699673559e-01 5.757195239967264344e-01 3.867380457670282379e+00 1.671971525139142045e+01 2.843910136172366432e+00 1.661318009312902522e+00 2.584815368061659565e-03 1.750111706928716895e-03 2.728909839189275644e-03
8.705418831753256370e+00 4.578946675324448989e+00 3.902007019535724375e+00 1.000000000000000000e+00 2.617088160040629274e-01 4.511976322242593485e-01 3.627586455486523143e+00 1.600261551859115272e+01 2.844093269583755301e+00 1.815631858540550203e+00 2.128474044057642508e-03 2.641558175548040528e-03 1.889326091229446723e-03
5.100182100816080144e+00 4.307503519326558283e+00 5.043841243016419895e+00 1.000000000000000000e+00 2.853912465597389092e-01 5.282279739060312673e-01 3.986622315268010919e+00 1.443116045131459302e+01 2.800826078785433548e+00 1.847536998337266478e+00 2.888611760592467610e-03 2.140145252592470793e-03 3.396502883108257122e-03
6.227171673694427589e+00 4.922469892214230924e+00 5.972549747615639504e+00 1.000000000000000000e+00 3.113380648736453482e-01 6.409980432524280403e-01 4.274942039831016061e+00 1.475798827757284037e+01 2.352549869921428449e+00 1.864917733118647059e+00 1.893430041491689407e-03 2.664220424161418792e-03 1.808455589279626876e-03
5.893441511488054729e+00 4.655085678043671571e+00 6.926752024817017350e+00 1.000000000000000000e+00 2.969851389620364324e-01 5.566683246401195051e-01 3.644892172744389924e+00 1.591521958397246017e+01 3.140409644724234894e+00 1.943048322311488052e+00 2.841982190205498762e-03 1.896901983096910835e-03 2.857662777278984628e-03
4.485824821356724890e+00 4.397436677514076742e+00 2.723218602580161019e+00 1.000000000000000000e+00 3.504232200687589227e-01 5.517860653614207189e-01 3.800080930671612567e+00 1.359608491369261962e+01 3.013813128534962082e+00 2.313917978146222687e+00 1.855619324697331714e-03 3.364255370550029052e-03 1.953251387896441562e-03
8.319431604032011762e+00 3.583715778727248669e+00 7.635098614041579523e+00 1.000000000000000000e+00 3.477600967941273380e-01 3.993167236791829167e-01 4.354096682794359907e+00 1.400528449028807998e+01 2.928454847626893454e+00 2.148684442411720408e+00 3.189667729646729951e-03 1.980998984435097116e-03 2.578792668748650097e-03
7.000214438821711127e+00 6.925230408799176729e+00 6.022974979114162686e+00 1.000000000000000000e+00 3.088533239382934004e-01 4.902502711637614086e-01 4.065535038009135960e+00 1.336886682010528737e+01 3.104420322133937038e+00 2.161928530827011752e+00 2.005518992649438746e-03 2.998978775750325756e-03 1.997783238336089517e-03
5.093899969526081151e+00 3.326202064325970209e+00 6.574842458401978007e+00 1.000000000000000000e+00 2.820034126545281628e-01 4.555057207386795093e-01 3.827344307248155886e+00 1.423618545797683232e+01 3.273142574130985860e+00 2.062366566185946049e+00 2.806205274057793804e-03 1.677863093911932408e-03 3.118786903860680873e-03
4.999457416134575283e+00 3.689104225892317235e+00 3.432745660980907942e+00 1.000000000000000000e+00 3.373281820804638342e-01 4.923440511722252944e-01 4.313055871813729958e+00 1.510748344803593390e+01 2.854035216330702784e+00 2.527906884929109754e+00 1.992938677469862415e-03 3.505514783136525619e-03 2.097676605033830036e-03
5.823566133665535993e+00 4.335442263533378693e+00 3.189970558354631613e+00 1.000000000000000000e+00 2.486391367183481693e-01 5.113267723828939237e-01 4.536622149260312042e+00 1.600040007649546681e+01 2.876779997472228345e+00 2.788118225429039310e+00 2.608472611328926851e-03 1.632835826161698964e-03 3.128306526826767943e-03
6.315753897279565265e+00 7.275078962571578600e+00 3.411708960276053304e+00 1.000000000000000000e+00 3.077607934307011739e-01 4.666214949944469392e-01 4.350123057499750701e+00 1.320924211731463771e+01 3.033398427713735579e+00 2.783772730102092474e+00 2.454592839564321075e-03 3.726433221110492244e-03 2.044106311960441381e-03
6.657516703290924376e+00 9.139739546168801354e-02 4.440890209280754064e+00 1.000000000000000000e+00 3.208807800843304081e-01 5.368328869909257950e-01 4.360040493912170412e+00 1.590476226671308169e+01 2.552901465696202354e+00 3.325911497050134447e+00 2.153590245595884273e-03 1.585990182770574512e-03 3.108661949111100452e-03
4.427018304574818153e+00 2.059376793669578376e+00 6.730548831964108025e+00 1.000000000000000000e+00 3.265830816394177383e-01 4.680423766256650020e-01 4.695272947160018973e+00 1.514084721959397939e+01 2.968761800105098381e+00 2.771602165128294271e+00 2.798939155024140514e-03 3.355804060797467746e-03 1.843008149484254765e-03
6.822930873112893480e+00 8.598962339529249377e+00 6.486359185637168068e+00 1.000000000000000000e+00 3.645009240343879964e-01 5.726080645004754111e-01 4.506575910243110883e+00 1.467363094813559243e+01 2.569457190801942570e+00 2.885415475555050957e+00 1.814999892306889701e-03 2.055555651077840655e-03 3.020249419304418467e-03
6.271393693637330458e+00 3.936951736854029882e+00 2.391250187480395084e+00 1.000000000000000000e+00 2.855321974101073801e-01 4.834436501400825592e-01 4.895163537295384337e+00 1.297081530135131544e+01 2.617469995530261606e+00 3.400501143469032428e+00 3.452405332079777709e-03 3.203031124402260909e-03 1.838876030441667338e-03
8.601980428225955322e+00 3.404648999238680585e+00 4.858320551433275014e+00 1.000000000000000000e+00 2.854081468626732954e-01 5.093908474043116197e-01 4.491820375707353818e+00 1.555207855095345515e+01 2.942568604527376230e+00 3.428485851872583368e+00 1.445389814314416294e-03 1.656191725804367996e-03 2.995631824539144328e-03
7.004163660660564616e+00 3.472994502861798338e+00 5.402376430303315935e+00 1.000000000000000000e+00 2.420665365904167143e-01 4.326868146304680973e-01 4.160358265531133526e+00 1.685119331454039227e+01 2.560174835780617553e+00 2.917888153479162749e+00 3.652092769152543317e-03 3.889312732882610740e-03 1.713478967913788014e-03
9.150814830707265202e+00 5.228310945968148715e+00 7.838876746105180260e+00 1.000000000000000000e+00 3.238096247476665024e-01 5.931067461344229352e-01 4.716832314957387418e+00 1.420123635223909098e+01 2.687260555279163299e+00 3.080736171912946908e+00 1.727563747961794382e-03 1.693740597958777981e-03 3.126997673535609513e-03
8.085367875562576856e+00 7.835577835767655319e-01 4.854027025160387865e+00 1.000000000000000000e+00 3.069152520642976500e-01 3.810246468962638078e-01 4.239275905891862983e+00 1.536953383080211921e+01 3.049192865329034774e+00 2.897527236488953495e+00 3.663647641751515555e-03 2.700293630787914401e-03 1.671643668128996356e-03
4.534452511486072979e+00 4.782307172711005805e+00 6.751036676126330960e+00 1.000000000000000000e+00 4.359867463620595851e-01 4.314309614054024911e-01 4.158270928015438628e+00 1.704100361273433961e+01 2.950951888963456504e+00 2.417952096854909083e+00 1.456909910157853103e-03 2.232287942078004048e-03 3.735169529106069711e-03
6.673009004754118401e+00 4.855242507941248675e+00 5.043351235985265468e+00 1.000000000000000000e+00 3.739255451843592759e-01 4.509337124480380932e-01 3.643273661516875261e+00 1.474799688472572967e+01 3.326921231200439255e+00 2.695117291974536311e+00 4.090011242247477453e-03 2.583502291137293634e-03 1.726022098222826807e-03
7.370772165893185957e+00 4.424350792113590281e+00 4.263429910320375882e+00 1.000000000000000000e+00 3.948688838021692793e-01 3.928724156532465983e-01 3.856264811843679308e+00 1.446999303360841793e+01 3.168582455169709267e+00 2.521926532012912059e+00 1.292210187755940152e-03 2.548260352413250166e-03 3.543887288705371581e-03
7.387001130986855735e+00 4.929895834502614704e+00 3.868197020892122140e+00 1.000000000000000000e+00 4.311829673551560993e-01 5.447072977241887992e-01 3.637562113455798052e+00 1.160911514903595609e+01 2.697260927204065517e+00 2.858368810506533908e+00 3.614619661820817672e-03 2.531915664132102211e-03 1.486748635067286928e-03
8.846809670545138005e+00 2.076710053578532111e+00 3.571743349370856357e+00 1.000000000000000000e+00 4.241059440865464492e-01 5.793396606108128788e-01 3.902322167188853719e+00 1.387559368642791746e+01 3.081493419227085528e+00 3.146087295161716035e+00 1.552218941832140446e-03 1.850845631005369318e-03 4.004382222373452892e-03
5.890868879196843544e+00 6.631457096222865388e+00 5.999689707122335847e+00 1.000000000000000000e+00 4.276854638181843415e-01 5.487588374918219714e-01 3.219295278772765556e+00 1.524648702402154221e+01 2.893211400896024355e+00 3.300741745926429882e+00 3.774964963425398931e-03 3.222909001311382356e-03 1.465071997402499432e-03
5.357765470622965154e+00 3.793320902868878797e+00 2.698211861750724694e+00 1.000000000000000000e+00 5.700961277950771233e-01 6.328954413998032491e-01 3.232124610970126710e+00 1.424613122008185506e+01 2.670674893494570323e+00 3.198714428206460347e+00 1.519101266785792374e-03 1.650983932541926240e-03 3.587353616773438468e-03
8.663943800807924589e+00 3.440248072312781957e+00 3.301482960971379832e+00 1.000000000000000000e+00 4.298624235144523076e-01 5.470449099404632864e-01 3.116987650565653301e+00 1.817640528797515032e+01 2.706050626952706928e+00 3.596610215170467750e+00 3.603066075114558925e-03 3.146188477972522088e-03 1.728530463936155375e-03
7.702892562726188608e+00 5.101675023993191616e+00 1.899519264020713027e+00 1.000000000000000000e+00 3.852589205968764974e-01 5.241379300868019842e-01 3.372184865970955681e+00 1.597672858638132354e+01 2.995400911906296759e+00 3.466275684127716250e+00 1.583205041778812687e-03 1.929190868345561152e-03 2.816182659005809531e-03
6.801782222539937806e+00 3.200457388336224618e+00 1.230180886664515860e+00 1.000000000000000000e+00 4.901846255808544051e-01 5.153746605547340209e-01 3.845310843755039620e+00 1.664651645267803914e+01 3.049634224392004711e+00 2.905664813597830687e+00 3.065111496841453100e-03 3.325423561688976674e-03 2.325556922652798238e-03
7.009162224967225185e+00 -3.901535491140064593e-01 2.903080723228673943e+00 1.000000000000000000e+00 3.968536703572042579e-01 4.225562964587845638e-01 3.470802755646750004e+00 1.372184436422044307e+01 3.487779209497262833e+00 2.651225263960219625e+00 1.838829123641608828e-03 1.652282490514668739e-03 2.008769640479355842e-03
6.305965100010046065e+00 5.486398382847658795e+00 4.652787381320637294e+00 1.000000000000000000e+00 3.720469070411692170e-01 5.571738858213495238e-01 3.773832697954134119e+00 1.525572317025648950e+01 2.999437065120619028e+00 2.292464574014378087e+00 3.218574724438464166e-03 3.193195976938990009e-03 3.171700694195454980e-03
6.115299549482084984e+00 3.411423356436304122e+00 4.882745780251348755e+00 1.000000000000000000e+00 4.152901490280898611e-01 5.249030228849396185e-01 3.358137586722645729e+00 1.668024700225700130e+01 3.194120551265791974e+00 2.212968339870347911e+00 2.031255249556350451e-03 1.862161597844551840e-03 2.021345278249368771e-03
9.877563471914184490e+00 1.415902928200262867e+00 5.337618644073645946e+00 1.000000000000000000e+00 2.887574124692347532e-01 4.262915447054378970e-01 3.105416509124477198e+00 1.583244125682183601e+01 3.207749038693456622e+00 2.173251082017897406e+00 2.464329105391683140e-03 3.207386593200405901e-03 3.311972195332620571e-03
6.895305283844776589e+00 6.161671871755429741e+00 4.085548864629317656e+00 1.000000000000000000e+00 3.026830560996763286e-01 5.784618989573019343e-01 3.136296788911011379e+00 1.501816861333118780e+01 2.866448166944263853e+00 1.672092602902126801e+00 2.332548722223467489e-03 1.760444605308114077e-03 1.704283937238466103e-03
4.972559221076602753e+00 2.479881527380159323e+00 4.171552594080100818e+00 1.000000000000000000e+00 2.319329500387878329e-01 5.413160483502892362e-01 3.085913831711902588e+00 1.631419535932462139e+01 2.782082461438008636e+00 1.741422017055239690e+00 2.625702638204159382e-03 3.261775282994485662e-03 2.868590212503274815e-03
5.901706518969316306e+00 2.515143755791939384e+00 2.280125246690354324e+00 1.000000000000000000e+00 2.547175956246637285e-01 6.398642231287551274e-01 3.366780405276006416e+00 1.405385003955698942e+01 2.418048015376863535e+00 1.602184576011034256e+00 2.303487655765452252e-03 1.677647016376620538e-03 1.981950939356498954e-03
7.004152968314234506e+00 5.200382254629841050e+00 7.052035450822241813e+00 1.000000000000000000e+00 3.197919202472814248e-01 6.474564362755781399e-01 2.946540819905997921e+00 1.213480206848561238e+01 2.213571052595845412e+00 1.287713519400230933e+00 2.161528763306882778e-03 3.478252413936035875e-03 2.668154637764384544e-03
7.357335366043378677e+00 4.295220703910453075e+00 4.615906971139074777e+00 1.000000000000000000e+00 2.706683689434829510e-01 5.223139783422445781e-01 2.801210605307256962e+00 1.414267848702391994e+01 3.115149127352445202e+00 1.674417591468010169e+00 2.636511359211527513e-03 1.610064988598414529e-03 2.189085055605553918e-03
8.373215298388640093e+00 2.520807550484563286e+00 4.311238470095666742e+00 1.000000000000000000e+00 3.570628550896125519e-01 5.669531915277139511e-01 3.106904405619602905e+00 1.551505767871474184e+01 2.917846399568268190e+00 1.599860598075085072e+00 2.478913423490735225e-03 3.497769171409760482e-03 2.364001037371677490e-03
7.121546829709918924e+00 3.539140737203452680e+00 3.098107473188897121e+00 1.000000000000000000e+00 4.252879384957052311e-01 5.443779307147673663e-01 3.005993531530636087e+00 1.400903270955022606e+01 2.832572553456059072e+00 1.493054262238324048e+00 2.152763438104554616e-03 1.700226408444261697e-03 2.355585480679363384e-03
6.645438430136101360e+00 3.193308264450468670e+00 3.839989658496315350e+00 1.000000000000000000e+00 3.624256889549924976e-01 5.421804786007891064e-01 2.969341074349106879e+00 1.409846350284592731e+01 2.968025863494692107e+00 1.679128452932027615e+00 2.949251085902901068e-03 3.844335582122463454e-03 2.575327574496479553e-03
7.369572700227029927e+00 1.032896277296021070e+00 4.493681749234313294e+00 1.000000000000000000e+00 3.435809938623533011e-01 5.965471831765474242e-01 3.071750532694389690e+00 1.616300047310704713e+01 3.399305368187800713e+00 1.652703446339720550e+00 1.885111016170105914e-03 1.356948885489976881e-03 2.204578505849216687e-03
3.465906776146055357e+00 2.773367176025732128e+00 -2.639246480728072441e-01 1.000000000000000000e+00 2.977255220900533739e-01 7.058555946433656691e-01 3.633878066672239449e+00 1.605778993163349355e+01 2.750204701244467032e+00 1.635117536650991799e+00 2.501985131238194764e-03 4.000897462081645303e-03 2.611493013046657392e-03
8.028867278853121903e+00 1.049243254148116478e+00 4.497340164261984796e+00 1.000000000000000000e+00 2.644746872216291456e-01 5.760201320917942569e-01 3.631250102352943543e+00 1.520609594220418614e+01 3.183931190605426842e+00 1.549035141522977055e+00 2.022414877149158585e-03 1.507431916413004558e-03 1.949027584224000001e-03
5.627883411667134794e+00 4.583841917971460234e+00 4.405143615685451763e+00 1.000000000000000000e+00 3.559713752898708838e-01 4.417330682616830706e-01 3.659684782593722208e+00 1.486959009020756106e+01 2.816572592134199748e+00 1.631981664966064338e+00 2.714074604685156895e-03 3.264446411144276451e-03 2.656929484777013819e-03
5.549391783180029236e+00 6.057799925021782883e+00 2.579933390135662918e+00 1.000000000000000000e+00 2.002680810682727075e-01 4.598505720000440888e-01 3.170793272676422525e+00 1.735691312452912882e+01 3.619493295374143216e+00 1.636606482474801005e+00 2.325895047209636940e-03 1.667339696100443667e-03 2.560415892507811493e-03
6.518776688437146305e+00 1.409424734241828236e+00 5.844260264063368737e+00 1.000000000000000000e+00 2.609547875518271054e-01 5.024460395387170264e-01 3.377271732442417296e+00 1.621575652728852290e+01 3.481320783736147728e+00 1.407510012595664772e+00 2.621886557520290706e-03 3.013017551727981223e-03 2.273951359242400334e-03
7.892163512278358439e+00 4.982218199341200915e+00 5.437020391661470775e+00 1.000000000000000000e+00 2.595542975198559255e-01 5.748226683239969770e-01 3.586730879319064424e+00 1.401684586825481382e+01 2.584379452402062682e+00 1.316325246419034922e+00 2.415651032808305114e-03 1.949816124213450772e-03 2.688930261293979475e-03
5.758451963252358752e+00 2.015268510846365935e+00 5.634493105929483825e+00 1.000000000000000000e+00 2.467582582263471991e-01 6.621979829206600110e-01 3.484494728269949881e+00 1.514516200183700434e+01 2.898884985072649911e+00 1.219069390581725365e+00 2.233974158083591472e-03 3.620080995388969946e-03 2.149389687603513004e-03
7.227836154902712806e+00 3.808339583287915886e+00 3.188280696170775919e+00 1.000000000000000000e+00 1.449583240311936305e-01 5.019805705567964571e-01 2.825513240778604551e+00 1.594789170818143909e+01 3.053708382866328286e+00 1.292124244364674102e+00 2.782411813661067601e-03 1.498553946999941697e-03 3.177304204186001159e-03
5.964430745884923724e+00 1.688117720055343884e+00 5.035628868552290527e+00 1.000000000000000000e+00 2.214669351925429852e-01 5.858699102403548409e-01 2.809952300491016075e+00 1.628296002130093001e+01 2.809665213991295207e+00 1.076842346269979434e+00 2.389260034404703734e-03 3.565055922642768309e-03 1.940597987563624262e-03
