2.4104874312
-0.7199608621
1.6446243353
-0.4350307240
-1.2379338436
2.6748585089
1.7675187537
-1.4264265206
-0.0867863664
0.4687659348
0.3033065619
-3.3233122136
1.7441427543
1.8462074229
-0.8319198206
0.3412920044
0.7012350876
0.3094555279
-0.9768307226
-0.4247606103
0.2121118020
0.0108022262
1.6474252906
-1.9182020748
-0.8713940040
-0.1761672875
2.9908593713
-0.5248639669
-0.5648259358
0.1256395252
0.8194732863
0.0674873548
-1.5088141035
-1.0955586598
0.6690142658
0.6459468645
-0.3598152931
-1.6728666741
-0.3124130591
-1.2237646725
2.3740037770
-0.7082592369
-0.9584728039
0.7654667843
-0.9078252252
0.6567090001
-0.8222117521
0.9413201407
0.4789648577
-0.2790398199
-0.3484138876
0.2842517925
0.7434230509
0.2668219245
0.3961936105
-1.1165878508
2.5798396948
-1.5073993455
3.0729785990
-6.6621202020
-1.8132015770
0.5714685804
4.0625445802
-48.9692282975
1.9616107620
1.5803656749
1.9869283571
-0.9086248744
0.9335179469
0.9133502937
1.0038999154
-0.6895317102
-0.6593913953
0.7683772619
-2.4186014530
-0.7612651979
-1.3618568606
1.7114578598
-0.1501032883
5.7250686488
-1.3037975104
-2.7457375265
2.5042298260
-3.6659810000
2.6151069681
15.0197563195
5.4916260304
2.3265414979
15.1586402847
0.0000000000
0.0000000000
5.6302367688
0.5599311431
39.6097210264
11.6525436367
4.5005489258
105.6423312638
0.6168510593
6.4000529862
0.2725858454
0.1446914466
2.8694746407
471.4678371996
116.1536199058
3708.6404596437
10.6947979653
2.0176092268
593.2708737892
32.7915376774
1.9650360421
4.6257850696
1.8378377832
2.4724504452
2.5812624072
2.5615932748
1.5315374574
0.4299129341
0.0000000000
0.7087363680
1.8000385234
1.1821516071
0.2635280083
