0.3914320416
0.2348355439
1.2119246898
-0.2337456744
0.1893881571
0.2965076727
0.2044584051
-0.6794608692
-0.0568504066
-0.1296826178
-0.1265456695
0.0137703869
0.5364912136
0.1038928544
-0.1528323017
0.1077288997
0.3010122500
0.1585615249
-0.5965372799
-0.8179400881
-0.6212553624
-1.2848883454
-0.4622500618
-0.2584071249
-0.1062750044
0.6434242777
-1.0375583178
0.5826609138
0.3499009287
0.0023066366
0.1576485926
-0.1642953115
0.0686169455
-0.3381249555
0.0413099921
1.2447591284
-0.2098984947
-0.0398818442
-0.4360091566
0.1589100676
-0.2099929868
0.4634022251
-1.7355674458
0.1351213780
-0.4792924910
0.1963346575
-0.2421522128
0.2454121414
0.4136834852
0.5622226683
-0.0829536088
-0.0436674382
-0.1825984443
0.0581669495
0.5754236513
0.1096342450
1.4683208528
-0.4984134863
2.4588318389
-6.5996299589
-2.2920323181
-2.4834793461
4.0057183678
-48.9111487861
1.5371679632
1.3353619136
0.5995640264
-1.4440581844
0.3121864793
0.0288717592
0.8424758738
-1.0334296566
-0.4663911469
1.0317627187
-0.4615425383
-0.2102910788
-0.8548957838
0.8202998890
0.3051363911
1.4634893791
0.4197044009
1.2470973747
0.7676080312
-0.2218451998
2.9768840506
14.9270751009
5.6768102065
2.2357003713
14.9612533729
0.0000000002
0.0000000004
5.7297907637
0.2400761722
39.5346756183
11.3798732385
1.8233106928
105.6686524711
0.0000001008
12.9866729867
0.0000000010
0.0255608656
0.0000000004
471.4476019266
116.1333090850
3708.6394111122
10.6261914328
0.0000000001
593.2499903524
32.5791470330
1.7262194600
5.0069405252
1.6987931527
0.0000000008
0.2782177857
1.2389282326
0.4744962314
0.0000000000
0.4161040136
0.0000957375
1.1636178664
1.3574279419
1.1677825798
