-0.1536133301
-9.6393513683
-0.7232467574
11.9739416795
-1.5538314847
7.6137179454
-6.2265336610
27.6966631971
-4.0597025188
-3.2227442364
0.3736216737
-33.1520274509
7.6027626553
-9.1161614947
3.6607614843
-0.1794375485
-0.6657116609
-0.1924689458
-10.5819350945
0.3722909105
-4.8527000178
0.3628275181
-0.0063582290
-0.0468795978
0.0133155533
-0.4672187100
0.0935395075
-0.0711485337
-3.2321721022
-0.0877498854
1.1013753063
-1.5205113684
-4.0438735002
-0.9702643428
-6.0559827492
4.6732874093
-0.0603971605
3.9902988831
-0.1931534916
-5.3818885625
-3.7986151326
3.9166570439
-17.2350034609
0.1955119723
-1.1534022551
2.4576275362
3.0006941039
13.0425925429
-1.7423728658
0.5050181362
-0.1575688825
-6.8987256679
0.4956258624
9.4480552589
-0.3947691127
5.6592834776
1.8988647539
-0.9949854717
2.1709961908
-11.9686431783
-2.8543575773
-1.8327540570
4.7900721795
-96.1691933644
1.8490481140
1.9017899458
0.6085835367
-1.9859703875
-2.1331222190
3.9477648546
-2.0750980238
45.1323573079
9.3036640850
3.1478993525
-0.0964065054
-0.2311837454
-0.0518191132
-0.1285042483
0.3566767956
0.1944127742
0.0185113758
0.2013833268
0.0839319234
-0.4412165361
3.8326059388
8.5540247882
8.4042130497
1.4666273360
0.0000548369
0.2697458645
1.1581442889
5.2148251623
0.4041758682
53.9964507252
19.4056183930
0.8469917653
126.0388293992
0.2478048475
3.6889489723
0.2415068642
0.3219422275
1.3331557282
462.6593095151
64.0178866168
3708.4736029483
9.2577539859
0.8109396547
590.8861043969
0.0001603232
2.4547684233
7.9543448551
0.8099691073
1.0210267564
1.3139072042
0.7015791951
28.9585158759
7.6637146396
0.0000000093
7.4581694648
8.9317841516
0.0000000000
4.6432145158
