0.0879941442
0.1448510765
0.7344869401
-0.0554790399
-0.0108173912
0.0788519364
0.0165332690
-0.3206698662
0.1316280054
0.2587815996
0.0169776792
-0.2409539230
-0.0827668505
-0.1849037207
-0.2332902406
0.0820666592
0.2452716217
0.0688774181
-0.1691584646
-0.3561157360
-0.1669627328
-0.8727505210
-0.0822587347
-0.1056776539
-0.0043070621
-0.0268629969
-0.1350554551
-0.0342986731
0.0867112896
0.0134232012
0.0528854703
-0.0656915522
-0.0105721013
-0.2374382547
-0.0318126133
0.3692832290
-0.1655468322
-0.1475057793
-0.1954196953
-0.0135528782
0.1098401817
0.0852124432
-0.8541855075
-0.1164763878
-0.3030421944
0.1740002676
-0.2614086411
0.2306241386
0.3009276306
0.1108886717
-0.1350951722
-0.1423514380
-0.0799723465
-0.0456048705
0.1129311448
0.2064528195
1.4931130199
-0.6698968807
1.7096415889
-6.8259355730
-2.0223252809
-1.7151101924
4.0541448666
-48.8942346430
1.5226388030
1.3515423900
0.5567975102
-0.9553305679
0.2900721778
-0.0388649203
0.5476865745
-0.7558462457
-0.3874583255
0.5418171821
0.0041060084
-0.1006303458
-0.2164820195
-0.1914893121
0.1319850328
0.0521345712
-0.0363109147
-0.0394345566
-0.0293741184
-0.0361255065
2.5722167952
15.1849058524
5.1914299524
1.1599919290
15.1016505346
0.2489162361
1.2281662104
5.5665185988
0.2191388903
39.5286462384
11.2000013116
0.8904734495
105.6985638420
0.2323798374
3.8581754993
0.5550919128
0.2294190550
1.0698846150
471.4543470429
116.1651419204
3708.6408755237
11.1486208545
0.2747700168
593.2533100020
32.7557133150
1.9143506675
4.2345086970
1.1371122797
1.0150980644
0.9288226289
1.0804336472
0.3014671652
0.0553753039
0.1955144320
0.0350819131
0.4723961509
1.2271458643
0.4486369232
