-0.0333010138
0.1189783787
0.4021718178
0.0407787780
0.0753265744
-0.0075214951
-0.0568110817
-0.2160484728
0.1063437336
0.0905097469
0.0292629074
-0.1401562217
-0.0558449801
-0.0890003834
-0.1704556669
0.0335028627
0.0440640079
0.0220480192
-0.1493668283
-0.2457679815
-0.2001649554
-0.6182614649
-0.0960370826
-0.0454324957
-0.0260446492
0.1382975536
0.1012647563
0.1020018654
0.0338781966
0.0000147136
-0.0522719282
-0.1073654153
-0.0023714807
-0.1362173434
-0.0399249590
0.2164027913
-0.0968666276
-0.1413389224
-0.1701068324
-0.0307378011
0.2491238362
0.1958013584
-0.4652623831
-0.0491924084
-0.0102627884
0.1071256884
-0.0095945342
0.1595294233
0.1750760792
-0.0577093346
-0.0620218899
-0.0934432467
-0.0416250317
-0.0367524345
0.2098033719
0.3392538832
1.3286943003
-0.6465239333
1.6079545454
-6.8616501900
-1.9299842158
-1.5749686403
4.0995149478
-48.8832862464
1.5212625408
1.3355471604
0.5122698672
-0.8975708351
0.4217600029
-0.2360682107
0.6430223630
-0.7753791534
-0.2664291311
0.8998819115
-0.0118664364
-0.0342402035
-0.0957404441
-0.0990045590
0.4181087654
-0.0508640556
0.3018466904
0.0406074695
0.0277850443
-0.3041417586
2.5677030617
15.1738305999
5.2094300290
0.8042931424
15.0796940493
0.0000000000
1.1544587672
5.3172687926
0.0000000000
39.5372084226
10.7780701902
0.9346905591
105.7082660949
0.0000000000
4.1220951791
0.0616567371
0.1141681788
1.1948854521
471.4532597083
116.1670279795
3708.6410636245
11.2335492206
0.0000000000
593.2504976616
32.7597476961
1.8491232436
4.1606782628
0.3291784805
1.0738255782
0.8857118322
1.1169557732
0.2478850124
0.1035843755
0.0000000000
0.0285960844
0.5474241037
0.9505523931
0.5109498580
