PC1	PC2	PC3	PC4	PC5	PC6	PC7	PC8
-1.79486317858207	2.51560743861749	-0.948369470934824	1.43333949929244	-0.233938654864264	0.729877243426941	0.283528587930854	0.351818596822299
-1.01160186997198	3.30885126392143	-0.959644470390324	1.11136422398253	0.288608598444538	0.848362522175848	0.869541777564747	-0.133449599269771
-1.28487787538308	1.24032436294784	-1.13130425451739	0.965064590367838	0.543933104150265	0.185112346518476	-0.110633047315059	-1.43536142851386
-0.556089250299103	0.740483712600187	-0.463443347672229	2.73328981701002	0.731501010450211	0.571003379640855	0.0583800145775772	-0.956460187798286
-2.59095951588548	-0.19652826920903	-1.19660349231481	0.447806603752839	-1.43929423864855	1.58494502775013	-0.00928095427397237	-0.553785469269227
-1.84649542604266	1.78026532976048	-2.0312772650165	0.00934571104831616	-1.4856586874103	-0.419373997961363	-0.01753897121385	-1.98140623591701
-2.68713394742053	1.0747050327499	-1.69354065909641	-0.0811068644001003	-1.10168487587364	0.166249560144246	-1.37181362256181	-1.32009215780417
-3.01640515933739	0.595057709089538	-0.55962631748977	0.0528379417711295	0.697430852145501	0.644231389864065	-0.429930403622193	-1.1092532100427
-0.533460516424372	-0.850086045174681	-0.638582219744485	2.9072084206304	0.340611713500664	0.37752198738703	-1.98730583637729	-0.735612514608197
-1.7777316213723	2.74098002889609	-2.14332924225615	-0.386182998493745	-1.33465779183856	-0.301989482247492	0.635697425565861	0.12256217654138
-2.2036714825813	0.693832733177534	-2.51626718206856	0.0683329347654452	-0.985264113579579	-0.205452100983586	-0.739037881564694	-2.01390993814778
-2.24319454466558	3.80660888170314	-1.60527225414536	-0.810124227057582	0.669784799583271	0.0263532061407783	1.36695505688991	0.0545333892174753
-2.45209518561096	3.03146344569369	-2.04623181742902	-1.44569004576487	0.56264810678805	-0.0714152158922057	0.446610830985685	-0.0881359329417683
-3.57459926601537	-0.984015855903958	-0.369173984415257	1.74139846338797	1.60499598423739	0.553999757046573	0.209234919493083	0.615305394068984
-3.34932933037937	0.167398713079454	-1.54581055559851	-0.0447048142343296	0.0480637126776495	-0.0665958190635227	-0.185097765767736	-0.065248848374756
-1.64390441377778	0.489131932993743	-1.09428894838193	1.08925835868072	1.17864978144053	-0.895918816457944	-1.2452359426569	-0.498829860465347
-2.46446412332682	0.668487815316976	-1.56519795279901	0.144170560972135	-1.9694041361421	0.628277435476115	0.238083650450344	0.511984640499487
-2.64080754790155	3.75963683824497	-1.73459395545678	-1.23618162624316	-1.21997251134824	0.566133241468792	-0.62457955655392	1.54002359313963
-2.28534174279659	-0.519668878264593	-0.504733013596755	0.636262484950536	-1.82894193828841	0.759861059691357	0.513133806601456	-0.399870787624039
-1.72829640388002	1.29973100086289	-1.49113752986921	-0.628170501798956	-0.823304239380056	-0.779790837348295	-3.62983281730057	0.922653673870568
-4.79906071512434	-0.479240104033973	-0.88968290519141	-0.217284880809239	0.363293751727937	0.420544381621163	0.497764727212629	0.15823736957982
-2.96368424736089	-0.0215007577991856	-0.572037628410098	1.9826135774808	0.815747413268818	0.941780860997464	0.0352850689673069	1.44252626199266
-2.15740150727684	0.281254847392875	-0.364740064928149	2.11559705863772	0.391945278648072	0.898565064323501	0.0618166969322994	-0.735830389663228
-1.97451693803817	0.0242356721607757	0.784991805614735	2.00161715956461	-0.222915013193171	0.299040888977741	0.0702340344228492	-1.61669953007128
-2.33877972899307	0.717827416164477	-1.54864228419237	1.39190448436477	-1.57974593720717	0.751733316378506	-0.736590774131793	-0.0738630756981892
-3.46791752063938	-1.02058784985001	-1.23449181052221	1.32450067020652	-1.75018837318665	0.414895694602365	-0.154851534610159	-0.0553897620006626
-1.7440296497614	-0.355962464178861	-0.863467621404416	3.59870861448382	-1.3325676805765	0.441480659394591	-1.01552863634292	0.340006831432209
-2.48212881400306	-1.42781649915375	-0.826976758465313	2.54353511028779	-1.19095356146578	0.445440299348697	-0.706197586185249	0.0599925788302328
-2.69864456881373	-0.556465573640134	-0.289526229376227	2.00504667404089	-1.66896037571736	0.0632617185868361	-0.135659841024459	-0.512882056964558
-2.29860953974964	0.565652417719272	-1.28615371164287	-0.373736744474629	-0.768590269642212	-0.293368671253884	1.10554358403178	-1.03724244793502
-2.29720267782803	1.56973347353496	-0.56444278480562	0.408817099962249	-1.41988207911484	0.72882178346263	0.0916666925914398	-0.773202254603644
-1.40916198835281	1.88672291381943	-0.829304161211877	0.424617533266477	-0.610003370090913	1.46883993593736	-0.143635407323365	0.345639564176998
-3.31047526199926	-0.408453878786038	0.703654661533953	2.04951299783949	1.79225863217418	0.966604159601921	1.63904249463251	1.08693696613472
-1.92684055459199	2.32046352672521	0.553997973325173	2.73985690145042	1.71071847662155	1.5114797776276	0.917423401661745	2.37323004556443
-2.74720444974518	1.66780938225867	-2.1151847018646	-0.263655463891686	-1.85449432181142	-0.662204413845605	2.51562897055119	0.609105280334112
-4.2381948251988	-0.079275833138292	-0.128882846889129	-0.161287621688751	-0.610329436186041	1.73666089632059	0.753211864421511	-0.0789049359635795
-1.79256620097045	4.55858401723773	-1.17978675057334	0.278779535466558	-0.622332978097219	0.667301805730673	0.491852760712035	0.0123659655962701
-3.39238342897048	0.782587386943912	-0.838762659175258	0.4078021670989	-1.28920471417926	1.0559300211603	1.21612436748328	0.935305799305526
-3.0602525558104	1.13040573890225	0.40531164571061	2.54698637442892	1.10743442753627	1.07788976595653	2.70271060054987	1.38629295400495
-3.18658758211963	-0.0779821387347715	-2.00163581098325	0.463648475292776	-1.69288288289078	0.501186478804689	0.493425941636889	0.16157345060569
-2.83850709576496	-0.138003302351478	-0.637176530291619	0.50102986548144	-1.04263506422744	1.39423354202376	0.861925376510657	1.97846021100581
-3.72893141926396	-0.165623863732386	-0.261068841180818	1.17469535813517	-1.12627023683503	1.87871900951513	1.11028632509619	1.37748662220677
-1.59542935107101	2.37347641210338	0.344350392224479	2.29389332659784	0.999188058234393	0.551360332718909	1.39750638377851	2.07672768212617
-3.35113179898887	0.218141171907892	0.762665968101929	2.5435573344931	1.3371501315033	1.14780068317034	2.10475676404956	1.09556539134208
-1.3167241812905	4.23483205631781	-1.70179094507821	-0.0786951417914291	-1.86415678904166	0.187284812820574	-0.0821678698168719	2.35776112543696
-3.13855446201944	0.673412005702474	-1.05421883287241	1.40775051566805	-1.35864644704417	0.992833240933088	0.323107354579674	1.45881251452549
-2.46672321658103	2.09130078746514	-1.21263243922869	0.640299962864625	-1.77496334021403	0.818981009048069	0.151015476094644	0.385326261453769
-2.8021311146732	1.60590864585582	-0.745761858100955	0.349664980660582	-1.56633637066224	1.40693664768644	0.696666190224083	0.782279366610451
2.52619229830349	-0.0943665708822942	-0.1890095729795	2.63057501247829	0.00541556304628604	0.128833413571302	1.03783149975931	0.419455604304895
-2.71794886971732	0.958061636130743	0.0666484370937142	1.45571097387975	0.240085150885859	1.38315809529444	1.56089462734876	0.140499523307383
-2.9342211556061	-0.7498509800295	0.110648151158083	1.26142983782824	0.663795494651585	0.899589876952976	1.64015972386211	-0.056389482284933
-2.91908761062494	0.448618097042837	0.439331213373801	2.22117863191608	0.0349604360625634	1.53552773245213	1.75705376903674	-0.689540097340139
-1.36070633349868	3.65988311725797	-0.672167905256917	1.03960328223198	-0.758521446054655	0.896979021799879	0.0919679297699099	0.354320495274935
-3.87899015544335	1.14278435466535	-0.723350278763453	-0.126863646747946	0.885815876595003	0.529148627062643	3.49674183312929	1.20950657037667
1.12867314768731	1.40434594285373	0.951986709923448	-0.781045796164893	-0.503434750091277	1.49141077962118	-0.241905215515388	0.0834718423083614
1.84644581051681	-0.233740273471945	1.27421401827587	-1.2969138601847	-0.981803563940535	1.39371653527849	1.13209907013153	-0.438796810690665
2.68416878332155	2.87028646342407	1.99756665470905	1.41541196516266	-1.16569932059664	1.15010844354697	-0.400543357549398	-0.400399427184632
-2.42487450779812	1.40874298662248	-0.19545001694306	0.512942051103025	-1.09016856375878	0.437182994189703	1.40297204772973	-1.05123986596745
-3.10942655828667	0.181124441903794	2.02766761223479	0.172932963692966	-2.35907739115058	-1.05331647241335	1.99093810337875	-1.72117696925564
-3.24538220615781	2.61063663116831	-0.180221936230171	0.984897759266716	1.20627213416707	-0.300272560149608	2.52970336727885	1.06724123147829
-2.46366575598685	1.86717293951531	0.590390844777367	0.685215452783698	-0.972025370765463	0.464634161485846	-0.258082106525956	-1.03574832221173
4.97845722654503	-1.32129666624345	0.138182182290954	2.72184480860559	1.74498797855322	-0.157640253750769	1.39007491618681	0.364674623647153
4.71932750719822	-0.215359604864878	2.7156225334342	3.02192615347199	0.29015607278944	-1.04482931731561	1.70544867841723	0.186986209084577
5.73583488651862	-0.0497487316250072	-1.96677727879835	1.02612924212097	-1.60694118015626	-1.66139997288607	1.21933842352657	0.990179162903124
1.49800752596178	3.03020989936716	3.6685484926009	-0.476274443569233	0.555252378962094	0.805030741456453	1.66808951062125	0.233832925365106
-0.767356042509764	-0.386652850005378	2.04116122672055	-1.36686140704552	1.03349226708505	0.919246312729308	1.46054319877503	-0.552773690427205
-0.398707836661546	0.327824969000098	0.866404088486542	-1.69183162023502	-0.0900234185041839	0.71820530415187	0.183633610709799	0.680318884412098
-0.95802588353712	0.960349422012971	1.42504505068851	-3.74040856577601	-1.04339772411777	1.68954311383908	0.982043561066802	0.842181902919672
-1.7932636088613	-0.888443612571322	0.0234086631064791	-1.76557215768767	-0.374014178040526	1.90471919159749	0.0756389838377424	1.05101758287505
-4.4945421724103	-0.598498483726041	1.42637373102719	-0.549863937502678	1.64980542017429	-0.324330213474082	-0.03368895320726	1.34332390507656
-2.44504201919868	1.69031428213784	1.56205650728497	0.498341758256915	1.38805879366493	-0.338001025454571	0.381990214568461	0.82811755967781
0.857692564423658	2.61934296519601	3.1572682771668	-1.42009824209478	-1.45948325681455	2.07906286594752	-0.431297570459083	0.427153409009756
-3.249579153211	-0.537411877711563	0.899627376210392	-1.64613834648196	0.832856597232563	-0.779690152221127	0.565750228227983	-0.506849829069556
-0.924892144175876	2.1182266965982	-1.04213931444377	1.27797991177813	-0.755145479483865	-0.154043673229543	1.15855041690771	-1.05107163442723
-3.65540506748705	-0.389487668370429	0.0172649171436742	-0.743038200977411	0.655327387205156	-0.0266384606490132	1.50702780679571	1.2734302772843
-1.94763101040517	0.372881187975776	3.95075203106459	2.76834972433377	-0.998577816667046	-0.954752616992264	-0.671866248482277	0.789839329972866
-2.61015045655179	0.894150830470076	3.67765368398124	1.93038855572466	-0.124062759360657	-0.236599395908821	-1.19404683192288	-0.452260489242436
-3.22873246749055	0.206937321996961	-0.528920743283595	-0.715084403658619	0.0883528399726021	0.423991153900249	-0.0968308816446754	1.50708892910863
-3.62938306566561	-0.247373276280423	-1.42746986193645	-1.54836859772232	-0.253727990461876	-0.616910710642603	0.707981697427778	0.541560398094604
0.995206299138429	1.05665223445125	-2.30798367938958	-0.52591577508268	0.67774924641988	2.63164994279952	2.32235129672853	0.585510862387329
1.69976470929651	-1.59750575009484	0.164273639778635	-0.0145466625902561	1.94204436406487	0.815080439692838	0.365597562239471	-0.479388268431625
1.1201412757446	-0.289879018808766	-0.305791673740745	-1.36347739762703	0.0609718863887977	1.90625072858087	-0.527424350294832	0.154532617515006
2.8724675239371	-1.27188405645824	2.77109059976554	0.455929846796845	0.104328058329835	0.870135837207151	1.16891082860674	-0.369670581160335
-3.08830385500453	0.500600304615348	-0.735665641259964	0.523138772128527	-0.970493099153468	-0.214563386978381	0.821415583324529	0.117991372783079
2.1936140100878	-2.44213101489776	-1.20818937369606	1.28853621349325	-0.54820395981956	0.0179753797021902	0.75393130165942	0.200453724779544
-1.82900528769569	0.801269422225151	-0.762222657709251	-0.0498322131701532	-1.06298461614706	0.190352880498896	-0.161409796125456	-1.62495697125807
1.79115071311297	-0.521278647360024	1.47812709747577	-0.783625176868585	-1.38130566550696	-0.394738256032355	1.08316170376279	0.874184910034166
-0.945608730937546	1.68790765777775	-0.627459927864043	1.38216335625329	-2.28688062107393	0.639803311967239	-0.205512630061995	0.940869340300108
-1.62063811851942	-1.31578835788184	-0.569912971676638	2.73046448773919	-2.07542886531393	0.719277349149872	-2.01208244323872	0.886408892597823
1.49999520386083	-0.412430549955011	-0.850356027130503	-0.599141088815813	-1.14897855594493	1.31769895003233	-1.36822066600287	0.621368349909635
0.081864212997714	0.318895952196355	-0.112052412770773	0.411760942320979	-0.0728885287872792	1.84665546052226	-2.12057520409509	-0.42253700819212
-0.581178780308818	-0.724753610479111	1.61962523282563	-0.516166169104779	1.4098136952651	2.05005379605102	1.440385282775	-0.059921514140702
-0.12402927417757	-0.942932173993292	0.119590628391799	-1.11993654926945	-0.0690562707515236	1.33902901799451	-1.00986976513454	0.171079211014666
0.359745423670855	-0.438719866114572	0.704269378742445	-0.310391703938771	-0.277609582324888	2.54787614207633	-0.540964757266465	-0.526767386407236
-0.175767697785561	-1.67683071754153	0.0266942384764401	-1.52016871492843	-0.310771572000615	1.52589931506356	-0.435296446740825	0.495902365209077
1.62077590574751	3.0085337748073	-0.0360013696464598	-2.4161907971338	0.0844563762128894	2.34889624530998	-1.09204872222703	0.537251572093431
0.529660390086054	0.57847755749402	0.206377726357511	-1.99903440133087	-0.146603907302587	2.46033845960004	-1.06053664249548	1.56422217541352
1.48714135170711	2.74690271384006	-0.749944970917056	1.10774854352114	-1.49793914214173	0.958336857935863	-2.53491760591626	1.15007929109086
0.450929642585354	-0.780241042829726	0.164396250592504	1.46452178065014	-0.506472859820289	1.39668326431064	-2.60295440686705	0.702089598926452
-1.29332941829688	-0.287449429791445	-0.491675785169756	2.64632046797529	-0.732969357156267	1.07726519508554	-1.4434582940101	1.52130479052795
1.75550885102817	-0.275585538079785	-0.134161680282879	-0.672831324810583	0.221182195096411	2.2623682045203	-2.01175368677324	1.22809243030554
-2.26548676957177	0.83984607371838	-1.46848643435008	-0.184743153540267	-0.403511824844793	-0.408930517951934	-0.422195526218445	0.61566386320001
-2.07177526031612	1.02896083685107	-1.71898265768671	-0.237419351344412	-0.137837093373547	-0.411867510510709	-0.749507055878939	1.07367486920168
0.677989437146644	-0.229749124398883	0.412584132746428	-1.29586267270124	-0.021235429363273	0.569594252873525	-0.706815357647652	-0.974642605309749
0.848281277955423	-0.63504191222389	0.414595929463929	-1.31064436196325	1.93636444322836	2.48506137012171	-1.25808072901295	0.237333814306267
-0.191910541312918	-0.776747499185081	-0.0262230990831721	-2.17849547302932	-0.17346551253184	2.04684169710667	-1.44722348369967	0.478487276433242
-0.503605676887194	-2.62150363315449	-0.113540619778346	0.968076339826156	0.298483532629667	1.40656063296672	-1.75355528399163	0.744439460643319
-2.22944704965222	-0.871540584347227	1.29640293088089	3.15674994538098	1.55932583714841	1.044245855808	0.205009256423382	0.305706692906977
1.08400438538828	-0.512591009223097	2.91291182509307	0.303335732463843	1.00328565589994	2.25021772571202	-0.525306084797754	0.109685212006841
0.696050691095989	0.955597376423954	-0.0991183756439062	1.4261001534308	1.33304966682111	2.23079964738206	-0.630081348243056	0.214439382395261
1.00536724495717	-0.928216270171122	0.940945582504872	-1.23797225024296	-0.328834902773837	2.83309222844144	0.000269567351929293	0.294181604594596
-2.6752204511297	-0.256966821451285	0.00945398868588537	0.870160542193637	-0.728594782883191	0.235190671491521	-2.15476421366246	1.18272072584044
-1.4901326933612	1.10376745204157	-0.0846255497140417	0.469323710287518	-0.56022119938588	1.8251752486828	-1.05085169595893	0.398852742272207
-1.9159288618551	0.304922892673398	-0.472731501351595	1.15241505306437	-0.382676422113411	0.887435974365361	-2.44460395549873	0.605872180790834
0.522436107929824	0.103532917165385	0.011096454401483	1.32001109232116	0.921789000520285	0.603760402849961	-1.3619236009052	-1.06600521016637
0.122936452067479	-0.650981670259638	-0.143421402800864	0.599251093682252	0.633212008636448	0.0546216735411665	-1.01969816776846	-0.197220285735284
-3.32113760694781	0.605668137741424	1.03814300673404	1.09298364089192	1.30127346955419	-0.797474812463447	-1.39443545759291	-1.62173888818429
1.80267504031617	0.487560291830206	1.02966396387579	-1.59568403794916	-0.752260222047959	0.952352729211339	0.113758395881172	-1.35724715714474
-0.571035571558945	0.836929494580775	1.74113117605568	-0.876512257068241	-1.13263971458977	-0.649977147067157	-0.872655016550574	-1.47705658767754
0.238445182315977	0.543960635298578	0.69002232337274	1.18639437157793	-0.0463381991484741	0.958734021733961	-1.73457176087606	0.254454530136019
5.80182427101032	0.922246452542465	0.540915144428533	-0.201061324672101	-1.29117277578142	-0.257254512487434	1.20985294081219	1.28658732536084
1.30579043009625	2.51144761181742	0.0244431256949871	1.39724032690433	1.26518549816632	0.182521042982741	-1.06900001338967	0.607959249013229
-2.5895056302771	0.351846261110744	-0.570017266441979	1.44176749614224	1.03125735218414	0.25868597778739	0.585139897473188	0.716127817072685
2.37983912484738	1.92391963477567	-0.552748212894087	-1.90956927802781	0.448307392004768	0.930264843496946	-0.106823707689648	-0.640802617639644
1.59270744972953	2.23876575786978	1.05535775094464	-2.31641288946808	-0.0850968850396205	0.337216871522278	-0.293880730969315	-0.109057156167382
1.95444913381542	-0.00802714301339374	1.06534433211505	-1.86566175986457	-0.936911283011469	0.636765861972655	0.672842732021043	-1.13538388174263
0.746624633584594	1.99051700448227	-1.51399274958886	0.204235873327309	-0.830721167292879	0.234015219004685	0.426751733420877	0.657989063197854
-4.11646946777114	0.66785563560554	0.567863813134054	0.533306430280844	0.884005558775421	0.261915965122914	1.47076168109727	0.870537018019663
-0.328563235589477	2.18304467988799	2.71875399241843	-1.47166909287551	0.582147341369373	-1.0938943695225	-0.382845538527191	-1.89271519596384
-0.862374167871182	3.65751593420184	1.58650622694015	0.374420630136851	-0.191674250882756	-2.06994215176183	-1.37040809159275	-1.05946382422924
1.77928615849919	2.8794639346197	2.67131040347004	-2.36256440256972	0.232487771788567	-1.0017762064542	-1.00548969533151	-1.31453740332387
2.41390726815195	1.77323010458628	2.95120582048462	-1.26840148084629	-0.292333674172361	-0.668242540226149	-0.239300212587618	-1.38981985759816
-3.23318345525075	0.767111699191708	2.65423531393491	-0.556667529685667	-0.49816493253533	-0.389221021894597	1.19763828196229	-0.604053202195532
-1.33424512958273	-0.19624961814552	2.8648843442085	-0.592510231826663	-0.211126295668428	-1.06748270594244	-0.249688287232415	-2.28482437885032
2.22156722367568	2.61112103823213	3.01171726055993	-0.831953870667786	-0.223764300316223	0.0504684745932819	-0.0997895074045745	-1.09763573051131
-2.0119480591776	0.78657467157504	2.20179173309451	1.82316712402234	-1.68153160902268	0.0206582687307554	-0.717566997797751	-0.732852263973435
-1.13357723944937	1.16486173396697	-0.265191761523116	0.647840182956608	0.910268007503844	-0.763146083559953	0.120885644121235	-0.91106997379542
-3.12485873719546	2.29936853700727	-0.386391745099026	-1.97464570917321	1.94919089708493	0.00821842523076692	1.36261114609793	0.427428747410434
-4.02355942177424	-0.0510257456594758	0.0297201069643594	-0.731852187448993	1.91070203359601	-0.323420746510412	0.895053304743264	0.205845242855608
0.793754259677237	2.52382430712486	2.06561767405627	-2.28990193061368	0.647110943856484	1.31487491166769	0.247472998171766	0.37514736661722
2.83644909587531	1.55769059329352	1.10358760238618	-0.554483651279376	-0.691291927621601	-0.49282995823733	0.18460261019658	-0.374516509706652
-1.08880330882639	0.227576681981295	1.35391010303879	-2.31664095622305	0.850993505296569	2.21558457705219	0.588261936233165	-0.623279757530503
-0.406414428820438	-0.717618579923215	0.959111855222982	-1.48514633121146	0.503089025267698	0.954250612849025	0.592669211154897	-0.887339990118405
-0.877131829766431	0.2668056584489	-0.547438417031686	-1.78655807222476	-0.0692903415391504	1.38849679530853	-0.886301560735844	0.901607259962839
-4.07768689276621	1.20658333405337	-1.28510645408227	-0.984605174898177	1.20278310394502	-0.821706177013068	-1.64472033496731	1.16808768371535
-3.900912856003	-0.55366259574797	-1.18051785805404	-2.2054650207581	0.328084796128699	-0.257788117267789	-0.857977620895381	-0.372232651374297
-4.65242692976221	-0.99950214450258	-0.0643178155211327	-1.47049811543478	1.84856612894773	-0.174667848897462	-1.78216220110488	-0.530141485535874
3.64997207350049	6.04751918364021	-0.739787771087264	0.210956017287933	0.896602337481722	0.193827312609985	-1.2899888791534	1.26919220386817
0.240165267078197	-0.882603315318138	-0.379975205878406	-0.665283757554156	2.89051254258611	1.56304297923602	2.85399029371078	-0.845747986998377
2.62078199833498	1.06839252664353	-1.3652900285802	0.308238053092688	-0.33649922826892	0.0761055154963445	-0.49866902628535	-0.720468415955374
4.04329780789738	3.56616818332964	-0.145299869778928	-0.602061070512544	-0.356281346607359	0.639548700491119	1.20162689172614	1.3721148870446
1.38763451314063	2.27092236921398	-0.885898267409717	0.1262335884719	0.0474077655594433	0.696752153037865	1.02167559340492	-0.686873567726339
1.96144892001886	0.0102622035918347	1.15046648550606	-1.96188738866035	0.825741402309541	1.80346237863724	0.930261024903922	-1.24408400280772
0.933172476013004	-0.463548983882109	-0.569455433903006	0.463349233985927	-0.302452098204951	0.659748425606026	-0.349689116838565	-1.40510140912955
1.16066902982317	1.53552233228269	0.585555836266788	0.310092898930474	-0.184781776534741	1.64506429220227	-1.11294417436049	-0.404409282615575
-1.15567285106785	0.584230682887467	-0.092688022373069	1.83395387696445	0.536170910616291	0.0350495486124664	0.0383260607398564	-0.854700271672935
1.19672762565643	1.48631347273575	-0.995651323036524	0.336794937756121	-0.683210700352237	0.913868816244193	0.183617400097499	1.17066364323185
1.63624309246273	0.723505119127938	-0.311240123329265	-0.0196014865756919	-0.368364632856723	1.39566886131908	-0.0617607153033595	0.296877689268472
0.468474514798058	-0.639839036070099	-1.22326092726179	-0.148094039447056	0.122352492035571	0.0713622412777812	-1.08479486062436	0.616751618446487
1.42977474563019	4.15615251234342	-0.609924975332104	0.0814715922719734	-0.032912148554701	0.860076950924599	-1.72872494189145	-0.387122609819315
3.26965660751679	1.54479417673088	0.0334187835892872	-0.29492558611208	-0.403952428338399	0.852555914767963	-0.545098410872827	0.724996358914629
1.32319553154982	-1.05326028177365	1.32234313902309	-0.799250482770622	1.84388525280012	1.75377834161746	-0.836727189839656	-0.00340241831882114
-1.54844185862827	0.581569076511186	-0.0369218731733756	0.586441599176919	-0.960301314577911	-0.915912977028727	-1.00961752371622	0.113997418470673
0.762706067289245	0.206088584538874	0.582838765023201	1.1848001122628	-0.444706149743677	-0.200341458875884	-2.20430834303634	-1.01489177170594
-0.745678415360883	-0.426051180934161	-0.175760975473255	1.34751722215933	-1.13305942369756	-0.911724626403275	-1.11934280739506	0.0208912097401444
-1.21405927251165	-1.09893156892628	1.54900163658478	-0.045706970343914	1.35339406894992	-0.25431163954197	-0.174839403288217	-1.43293977561324
1.5819575046655	-0.0293254719463687	-0.747210988551111	0.621587729366315	0.378573228028832	0.355550455067007	0.285500406585683	-0.361149558722808
4.17267722850713	-0.522216918063223	-1.31037535991695	0.244415224293805	-0.0142892051896898	0.211092134276676	0.819699925242253	0.419720329693704
1.25398206071652	1.29075667726602	-0.0065467651526111	-1.11624055028405	0.339538839224864	1.47333892119305	0.351517921005842	-0.929551423370862
-2.19014141000776	-0.310907983482227	1.63058474022711	0.168504187532121	-1.74663032664769	-3.08063913409743	-1.6348640792572	0.0509993543073622
2.70655205740719	3.22219958007478	-0.318715230620452	-2.24897223414589	0.0904105581253981	0.809381956071471	-0.0520672335872352	0.0665095452791799
-0.793458768117478	0.162964032166892	0.2574672582123	-2.40229368939584	1.6943415085555	0.560950685271274	-0.851465521974847	1.1339069854478
-4.77358630907287	-1.72106910582875	-0.929600790021624	-1.31818858062786	1.7198829269185	-0.555460369137039	-0.406527101293911	0.456597978138444
-4.75928032244264	-1.61536618036403	-0.732536063781299	-1.12193704424807	1.66369133165927	-0.44141671264505	-0.373049075244912	0.610112449889798
-5.15901609975451	-0.994093347593433	-1.0980420388324	-1.22641452034197	1.71765973745097	-0.457367061734173	-0.274984740293717	0.564230407355152
2.68833609353671	-5.01076649119369	0.468185533715117	-3.24780574543822	1.7860588895787	-1.28899933093038	0.778955812954345	3.48136000040927
1.96332438674585	-3.84234567912259	-0.989076515021877	-0.660525463489272	0.456125243658562	0.348002556445681	-0.374294320927759	-0.216620796730906
-2.27312484329259	-1.30382559895271	-1.40473987057901	0.705842779998685	-1.3051520219994	-0.0298570577143605	-0.180815101127269	0.0483060422175314
4.13801409625523	-2.96252938587817	-1.38064856184409	-1.55071001061585	-1.28103448731865	-0.598254168088809	1.36562988744342	1.73768554602109
-1.17565660689921	0.221918506814666	-2.39223596988162	0.41878126804699	-1.35936774099094	-1.05778002826672	0.0732309613198343	0.723668744392338
-2.80087294114586	-0.752299155025914	-2.32160221449555	-0.982533105383477	-1.08040849685992	-0.99463152916739	-0.107684094872332	0.285075582124663
-0.320066112158854	-0.0639793961593723	-0.523644592069203	-1.05010193229499	-1.35812653436461	1.26427894243206	0.282795063624368	-1.15625440737008
-0.650881147391741	-0.705845970815719	-1.90078965876791	0.134937955183595	-1.24029506921859	-1.02491382601722	-0.0556430597618061	0.0309829592909625
-2.49426403677342	-0.791842840877717	-0.85203429412778	0.62615598432402	1.88901591078208	-1.11564603844254	-0.949027826064686	1.06012316918984
-2.72306895694506	-1.51039264636337	-1.23381925636674	0.11785759617694	0.199727542061664	-0.322883629773474	-0.396855319417166	-1.0052841360933
5.35656340970583	-0.81986782323947	-1.73183215592035	-0.0058560727681688	-1.35535187335142	-0.341341791697777	0.753650823086478	1.74252394302012
2.84549316780529	-3.70999490239061	-0.357090184142897	-0.718369448973925	-0.0646243414218538	0.691372879789263	0.815357363548081	-0.109575658779344
-0.805952207776628	-1.86007955152731	-1.76837303519321	1.69172415175846	-1.72930406177102	-1.04769691767195	-0.471087175198781	-0.226364877486615
-0.869567484448238	-0.409095996550789	-0.858087692652317	0.534490699303977	-1.60488283192121	-1.12049375398608	0.389261350883295	0.0139631164238894
1.2596746382468	-2.11372220167373	-0.284633443929065	-1.78783209822456	-0.132021054592535	0.952061356978092	0.0146038449447493	-0.120977907230535
1.02642525944535	-1.52239835072843	-0.874779675870851	-1.80630647935667	0.843962792496197	2.4785317941087	1.54898369458467	-0.685576376164906
1.60399183117247	1.04432102421999	0.320277891858273	-2.75129311517432	0.553643384719096	1.98008457755141	0.460329134555466	-0.82585763061778
2.7094065922733	-0.498527813139433	-0.987350033127686	-0.666197243876133	-0.000508791022140985	0.667527353911578	0.181092786743217	-0.731310603546828
3.52765919566569	3.00289405874657	-0.345186330979339	-1.02469613178995	0.076185690714293	1.4041503642375	-0.600203191557311	-0.281322141165516
-1.89470700248638	-0.00778476755625189	-0.520777901770794	1.51414582346564	0.554728697433819	-0.236283107931711	0.425108153757987	-0.944568003146766
0.648802376717304	0.479155675116157	-0.324356912067099	1.40972712658384	0.152606526208463	-0.147958737095084	-0.0329590632399465	-0.151536836926504
3.65574110443486	-2.5576277412976	-1.61231289748076	0.13706223822355	-1.05011420719665	-0.916967671252869	0.935484132546442	0.748154088496887
0.546855792317905	0.703341866227854	-0.531480016842936	-0.327811758317602	-0.780489349322605	0.470615847168594	0.690300695911252	-1.08497341331125
1.33132827613761	-2.83894223648653	-1.40775035164093	0.590966927089546	-0.805463096874701	-0.3566527074442	0.435656324012684	0.939229786643612
2.32311183677308	-1.55468557819613	-1.62545215448808	-0.45919294388571	-0.593792617114961	0.0280931624513005	0.693247339735708	0.173144411518672
0.174217335342788	-1.1253301029053	-0.234165748140781	-1.61842977898451	0.997080166278342	0.790216807813924	1.80179660167591	-2.07383410602159
1.23175119609903	-1.73726140178928	-1.64479595257972	2.56924082103722	0.154539254343563	-2.64539793865228	1.80817976710652	-0.713954085117401
3.25170586624622	-1.06101009574023	-1.00156607548192	1.19377961209875	0.337696429375137	-0.49877377083952	2.56979966419415	-0.959214747702529
0.00494925242225647	1.78128796531661	-0.550059580255968	-0.255080042930313	1.12811434633139	-1.06427053631509	1.61668079499062	0.0728161772140775
1.92084900063267	0.494307158954363	-1.21473854695018	-3.35597864548093	0.685643517065762	0.200497441543871	-0.710005421271503	0.826853202401611
3.44864466158484	-3.18071081714142	-0.105775234088595	0.79887993290041	0.961481845236468	0.10503191070907	1.80453213119564	-0.718752480416365
3.93944757842072	-0.863552010377925	-1.1553191111715	-1.22432127010011	0.0320649561035669	-0.522230739428295	1.20557482767105	-1.14393320290153
-0.67020870344327	-2.12019776542277	-1.41638689249617	1.23235846083973	-1.34893746869222	-1.14677143430642	-0.0369547119205947	-1.96606589794121
-0.879509749485813	-0.166898740715929	-1.29172629528096	1.0554440167088	-1.50588227431421	-0.67368866134063	0.368565113937649	-1.80842695015969
2.85100219611604	-0.443649878266649	-0.765044868562028	-2.60415410399813	0.381758658232843	-0.346437720213047	0.983449843744915	-1.15464542389836
-1.44454310674298	-1.03218251862799	-0.467893816839869	0.872225982391118	-0.379235619850311	-0.123411134117111	0.0176268936271832	-1.14466845512403
2.60727651372906	-2.08644150484264	0.217922705156808	0.174592292875049	-0.663674047107084	1.55865441614481	0.198802604526046	0.208088576583265
0.750958439264757	-2.98320066332798	-0.583716549654459	-2.54595654689954	-0.623786288493851	0.69067710407277	-0.593563181359585	0.118024727849548
-1.25349081498778	-2.18542694609298	-0.325411964641366	0.538180397814252	-0.272464564539986	0.522864512532303	0.937834061866435	1.33502297441545
3.27512574187285	-2.31656034187067	-1.11381973233442	0.0802437746944	0.222108596345677	-0.967799345476165	0.412534027075912	0.638001060773129
-1.48364975009318	-3.27371946283772	-0.971667265288813	1.07451103275315	-0.176908918746747	-0.218615072676336	-1.0685980393186	0.704037649026238
4.22259708377771	-5.81372543236267	-1.29506777767878	0.414731990753945	-1.31637201461598	-0.777651568325221	0.705943254538182	1.55273737327149
-3.23827973048413	-0.863427349843551	-1.41573925010743	-1.00238602812861	-0.408625939402918	0.0658138073857841	0.812911964132255	-0.110256645403316
-1.85038799166901	-0.160446891657098	-1.50312351410058	0.89760315209932	-0.358540063261265	0.60218397378622	-1.14423455566724	0.337610849738224
-3.34760459489735	-0.434126708667499	-1.3796746778559	-0.0492099798247722	-0.969455006071031	-0.00594416133490908	1.43198144156556	0.110584424760946
-2.72652152381489	1.81229171704289	-1.75832128473585	0.706484018361301	-1.8431297132663	0.457596242988443	0.800636291220184	0.00235114760823218
-3.19258843356176	0.680318152637507	-1.1158110590497	-0.590004229522977	-0.0758047620654966	0.33429883760899	0.746500807623294	0.772378179051213
0.232784937338726	-1.75960505318322	0.251254115909683	1.40290993198603	0.0225508548007438	0.77437257349643	-1.17385331815613	-0.670728271242692
-3.02828732264829	0.710476675297296	-0.472750785896092	1.39751451869648	-0.312414621902029	1.90975574727007	0.970309328211394	-0.653875399518454
-2.87960148610533	0.810573573195499	-0.572692780867379	0.599557698006346	-0.70864051827375	1.62402644965852	0.485709030750935	-0.290573152385651
-4.30552355943737	-0.272061705523075	1.23058318438739	-0.434976814580052	1.01572101349205	0.330779284187821	-0.865545897103938	0.348790686432744
3.00226723716981	-2.72055225331821	0.326206942266494	0.238800320284458	0.367723998479281	0.952964186516937	0.233815177096809	-0.504489638333501
4.17809782173168	-3.38728066911865	-0.196886868424978	0.674376340116518	0.618194253402372	-0.175846477001552	0.0937099439114664	0.233213082089269
-0.740785892118957	-1.69533549490165	3.80855615860717	1.18135831258992	-0.980861468037823	-0.2683786291447	-0.381794487264241	-1.35837939697672
3.54741480489135	-2.93661655086197	0.707549884096311	1.05249420589918	-2.3164049651574	-1.01441773089877	0.0208670640598222	-1.79511915286267
-1.39166353636819	-0.336968630819049	2.26434925623833	1.14638897221704	-0.0330460369643895	-0.235010473656967	-1.84373644619331	-0.570844564073974
-1.79702889556244	-1.01110227965598	0.424892587927473	-0.431467411207219	-0.280729755942931	0.588193165325109	-1.86122406598302	1.2049166746839
-1.58522521458086	-1.2304799638269	2.38847627731385	-2.4828973826948	1.20319538120091	1.73558355689913	-0.41469311561416	-1.03358343227419
2.54177182904705	-1.05497623302795	3.87245339977675	0.78559080680996	-0.504953840597306	1.13449615511681	-0.451813079024659	-0.28107914332808
1.21466973303003	-2.75439190451285	2.76681798343867	-1.87070077129415	-0.0996030078270128	-0.177927067832019	0.77175001171003	0.490493833813992
-0.0491948063255565	0.570132574196428	2.1437894360217	-1.96038009276482	0.0673028788673936	-0.276501185333127	-1.06819417502345	1.70006203699384
3.55689479618702	-1.06227083739618	1.60039196315195	-1.81569749034554	0.453364176196812	-1.43690673713936	-1.59214628561436	1.64484386605353
-0.430157549671262	-0.897085291405759	1.35234253668399	-2.49640814554716	1.58125334785914	1.63404747006316	-0.438078637392234	-0.40869785620403
-0.81385871551394	-2.58613556349757	2.30467581600661	-1.33489198483979	0.773838300849415	1.85666367812016	1.34415950977729	0.985307033692974
0.0721382173610924	-1.33930170220026	1.87900184594992	-2.10345616688504	-0.245038620832771	-1.85187763731189	-3.88397920515975	-3.64282548750155
-0.0392756346821181	-2.22682887276314	0.962151221443663	-0.338637060231401	-0.620251567895949	0.763038435042829	-0.762934632330537	-0.552047503004868
-0.00565044963178024	-0.616975448491905	0.569792092570627	-1.40370660981652	-0.620574750453815	0.519648315261496	0.00623226712115867	0.0114344456482669
-1.70752672254292	-1.17169211139144	-0.623739694823431	-0.0355931785081565	-1.88793765510095	-1.55522791113319	-0.963243479152717	-0.472902217572656
1.39967666437011	-2.18037167822834	-0.0689153022446761	-1.66619662371064	-1.24037335670155	2.03360919394773	0.441760178395737	-0.232686557051485
-1.1728859995174	1.91135856983716	0.00678057467797222	0.160084129211117	-0.82624620142896	0.177988723508988	-0.72453021308906	0.213721338688898
0.965366952633552	-1.59678514549819	1.45245683120672	-1.61804385113137	-0.57378986965847	1.6037076615874	-0.376773380171814	-0.457049971665426
2.1206087715698	-3.57340947288578	2.63823859218307	-0.568768002914166	-1.87485994042132	-0.407145680586912	-0.101772136353673	1.2287676363453
-0.468599955549427	-1.58016042174708	0.736553558329892	0.310699504257937	-1.0408772384998	0.916615535356295	-0.711646052572511	0.688916352867641
1.70375301971208	-4.59829142200756	0.934425354247376	0.437230208363648	-0.8331293224262	-0.0431758138653155	-1.01045222693317	1.23812425764205
-1.77245828474751	-2.81775692343543	0.450216360171808	-0.785088918081718	1.32182186269183	0.58355420397752	-1.73307460352359	0.870472510295877
-1.06016617563698	-3.0109930588037	-1.18769836936751	-0.717862668885638	-0.962008966637074	-0.650112809425498	-1.4021967629511	-0.295412551813554
0.925806160610167	-2.5845459640018	0.317026872789301	-0.173669097033376	-2.0908542623654	-0.226923938765384	-0.375448990976565	-0.172068643327863
1.3454076158626	-3.33815480147258	0.673893860986082	-1.22164118447534	1.1995228558503	0.592104329608827	0.899258039561552	0.287418217105711
-2.20831401120238	-1.07333896124728	2.1219767367088	-0.687017522799601	-1.51458019124705	-2.74767689453617	-1.33306173523148	0.989298117410502
-3.72980890797856	-0.965847479699133	-0.16300286701948	-1.27681059405072	1.37620086127478	-0.871520595013018	-1.20146681261305	0.70624952528446
1.87866211008657	-0.258051665603623	1.0734441082447	-0.256254660392376	-0.940091701690921	0.560922300883399	2.52186243346473	-1.47870379371577
-1.84972618976305	1.69334074474144	-0.14668003250202	1.15810148153132	-2.10413469877576	0.762205831378385	-0.240809870914596	-0.288650117228965
-0.494247552218044	0.670984198665594	2.20207794313088	0.949864980471661	1.17701777921357	0.98997844824888	0.939865811028272	-0.00959646479599773
0.461097584760182	1.10302480197495	1.80576063362596	0.661398232761891	-1.46640328724386	-0.240662346381479	0.711614076868473	-1.96517855891054
-1.62912400090406	1.1180139267136	0.364138447517244	0.425749088956789	-3.0226287927956	-1.10828114775508	1.41316365169407	-1.0371742426069
3.90393172354537	-2.36382760435102	1.26503886086301	-0.341736201203804	-2.85190380169107	-0.761871145653766	1.36233054983173	-0.823787850023359
0.679380191426855	-0.344978199937288	-0.792967229566782	0.479851724289234	-1.72161059697178	0.974468178491059	0.54153598987054	-1.45576919229271
1.15919828058168	-0.818232523437172	1.18325775947862	-1.68192972445305	-1.90598668449372	0.958544512551117	1.25643137404462	-1.04110250451989
-4.12756592771954	-0.410852798064695	-0.429748954180302	-0.920953838578652	-1.4577873785657	-0.882940925327426	-0.613996594440822	0.286541863768973
-3.41116390452237	-0.742074567862519	-0.18179388805617	-0.502488270332073	-1.78484667845642	-1.17346749277223	-0.441343316387192	0.677132801325244
-2.98199709648154	1.8954911533471	0.674097364399771	0.197610486899805	1.37137982368906	-1.39565142522404	0.961932651933286	1.84149301376558
-2.94740834426275	-0.676445113044907	-0.711110119313676	-0.122190840323388	-1.85745876544915	0.587285695445281	0.263723886139111	0.621904856885175
-3.42140617819393	-1.01204191721146	0.389337627603911	0.687343394084969	1.51015941313939	-1.18728538960713	1.27419119181834	0.472677013161646
-2.94235939903735	0.697080702508036	1.10583130783032	0.669324038778902	1.03782006237255	-1.79211965034941	1.39408074417213	0.822368937565308
-3.98651692756829	0.112623967181647	1.60547262683484	-0.553274084899376	-1.7847181152226	-1.17382691378836	0.864493598981422	0.610148324512426
-2.18285185505905	0.56072122495313	-1.05502420070582	0.550796013305247	-1.03052064295697	-0.547958298711484	0.101153519254478	-0.363683782466324
-2.59784054670022	0.108895816025745	0.874517591357486	1.37118857674149	1.25137652390019	-0.296332223236559	1.97446473309913	-0.394159984923454
0.348813961739145	1.04691659527045	2.84596713016904	1.03029165569709	0.27077530318105	-0.723120103183975	1.50173094351808	-1.20938549520878
-1.19036833235295	-0.84430983442026	1.25187872655585	-0.139443853644201	1.82778353603256	0.723603461796974	0.889894930896208	-1.34438981754211
-3.74633719543482	-1.34302796110712	0.675634723887166	-1.09207780216556	0.395426426833467	-2.45956057100207	-0.645731235277979	-0.497544527441806
-3.9421041809798	-1.49294174683446	0.108621212312245	-0.939606326080017	0.587215275509688	-1.29718874207579	0.775122035167171	0.545260021082749
-1.35061836476778	-0.778359328746687	-0.408709095619113	1.37029152363694	1.23161283589618	-1.52092307453018	-0.0158255846797602	0.923549288181148
-3.50930792640592	-0.684347740649593	-0.231192938346057	0.175725474648102	1.71285776687848	-0.817413723825655	-0.635256990267681	0.505745390765421
-3.41494877708953	-0.0317850251058392	-1.11182390587935	0.46188660079054	-1.96888492132498	-0.275021789377085	0.987584398147736	-0.0761629449411603
-3.34374907416244	0.908562485732103	-1.14626523487532	-1.34752815265794	-1.49717948616775	-1.3836569608147	-0.586390820555973	0.181635637638441
-2.30536241035319	0.537881071952854	-1.05316532015778	-0.160282584792176	-0.715254206321776	-1.10243036526991	-0.1940508413221	-0.0424405832426436
-1.8594715484335	0.41905468627102	-1.94542065180058	0.0128161247421249	-0.148596978826252	-0.40163492656586	-0.185576548394351	0.627639298294901
-2.2265813357323	0.81306665544293	1.75104276371512	0.310169735110028	-2.10551558671701	-1.20469546655497	1.15165689227868	-0.95304920414137
0.992896578586189	-0.469986141178325	0.0521295184650979	0.289351026939047	-1.1230036071043	-0.474102887723933	-0.378494882793118	0.287996314026679
-4.28290885810889	-1.43096911920325	-0.301792694640164	-1.30190531849009	1.39260281032099	-1.56521079870942	-1.15594490052408	0.170206175884163
0.918969370636622	-0.618000513165589	3.00295343796714	-1.26738992772522	-1.9181961567448	0.365113405281552	0.552935635267747	-1.95937821229856
-3.3362711577958	0.290802522178306	0.088423931418456	-0.748145910685902	0.577683201922646	-1.52759258647998	-0.0750833166193606	0.465780701466724
-2.68676991076175	1.77535660832102	-0.43778577263188	-0.880609414449768	-1.06895466033907	-0.510068449953705	-0.179029091289858	1.14022792230722
5.52341626373637	-0.341670967725387	-1.35597245801391	0.426169821000893	-1.58292098213085	0.447775207823802	0.890712053299462	-0.469284090789491
-3.69961718899958	-0.0856702735633212	1.03163577168074	-0.287583636599694	0.400099842883467	-0.917255213424492	0.621984342384882	-1.04779475590981
-3.22595271637301	-1.06565148615911	-0.0534054599026196	-0.659545202800067	0.905166389802436	-1.29340866061109	0.319760756651171	-1.65096794912504
-2.82744275042087	-0.689395849657935	0.03089746378129	-1.44282109651929	1.44628559549452	-1.00135364163951	-0.438804064253964	-1.25274936142309
-4.07017541311021	-0.481325522821702	0.241684163275658	-1.14466060430121	1.02149364729203	-1.68838078789657	-1.2022242294424	0.308806491710532
-4.05428485026433	-0.742181347435348	-0.103534733052007	-1.55133460968074	1.12660879042498	-1.77015865058508	-0.951295065465196	0.492107140240637
-2.76353673073213	-0.213827550250404	-0.459805064636038	-0.293320940395307	0.601139109011238	-1.56321571909144	-0.3329749290704	-0.642649308551506
-3.55659463697187	-2.57260435337301	-0.283348225349455	-0.372371626659809	1.03743234009539	-1.79130132407347	-0.829384702321511	-0.851178151814887
-4.16399620606101	-2.03805620437497	-0.395060137536896	-1.14509337417323	1.15153959762549	-1.75879296761893	-0.708771569253779	-0.782370281172966
-3.92016958001647	0.0831321798954756	-0.711086207516661	-0.737231535624047	0.342862428477701	-0.945086851613982	-0.394538781133614	-0.146740135511193
-4.80173801119098	-1.35326028677754	0.218936738349916	-1.65469389156694	1.2462784434953	-1.8030594149214	-1.37408357020555	-0.166527466239562
-1.66553719143039	-0.506037103468344	1.741216321674	4.11352452836167	0.160688396610786	0.0294123356563995	-0.621737639108457	0.309771469655294
-3.78019835261289	-1.76030087031219	0.143936665274973	0.264965322397397	1.69513377950328	-1.21479743362781	-1.19656544989087	-0.193275026713586
-3.9031341346182	-0.402596927181333	1.62629209317097	0.473230043543243	1.00612284909901	-0.218359280887882	0.45918264322888	-0.250318370960349
-4.1916719416723	-1.20447441313212	-0.0280085064176694	-0.552580842400149	1.66789818596723	-1.4596070540602	-0.405811592646733	-0.438989240649098
-2.43791963966652	0.569372039366339	1.48994832886817	2.31083607898306	0.295776261900533	-0.497156522725153	-0.0548634313775808	0.317877432687735
-3.24259728104545	-0.422675355688262	1.54026771602658	1.63567229309115	0.660836024963054	-0.907037782922167	-0.257094967170104	0.321014693848244
-4.1420025149069	-1.81491784496172	0.226382770354807	0.0963157510256287	1.58690853942282	-1.0412000249277	-0.505677959587742	-0.0290956821984177
-3.90168629519452	-0.702650922428937	-0.0720889925606208	-0.343261558640571	1.68536146287985	-1.29885062764605	-0.478141875135678	0.482515801580559
-3.80672378818461	-1.04504463744524	0.599647705507276	-1.48772986590611	1.64185496309391	-2.10014420214681	0.23175422475837	-1.2392633231468
-4.27349908507683	-1.54713877236521	0.28544579657417	-0.147039842167268	1.88702548178751	-1.40871692331788	1.16144187348773	0.0640153215754641
-2.92882474330033	1.07771217003799	0.560651495012068	-0.212075964409648	1.5071935053417	-1.44696615482302	-0.538142518584372	-0.373729664506051
-3.65522413203643	-1.49895150496919	-0.296578626781143	-0.535602495372705	1.55897655096051	-1.62224194453832	0.0530281869443806	0.25602616452788
4.18956596531341	-0.297246214500132	2.9380770316999	-0.172466393500908	-2.81803513397537	-0.462537645185456	-2.23299548448147	2.37912823609775
2.86377971595218	-0.181878292326655	3.10886250715242	-0.860478361639766	-3.64565577766553	-0.0107001106379901	1.17298375533425	-0.483821427421777
0.30603321961908	1.12627993313325	1.54827193885437	0.753676387793251	1.24808722096826	-0.426188301862223	-1.27615234376579	-0.699810180366547
2.20449390608476	0.240629684355554	6.78391066473495	-2.17756933933789	-0.935660385311255	-2.62962857137643	0.909641199074262	3.45269791028698
1.38332244285608	1.76564132507134	1.16048417170242	4.33110253975022	1.30941685476657	-1.66693670740958	-0.798172371387445	-0.282335625155718
0.799826113268499	-0.217303299404589	4.95373455461496	0.22334658409931	-0.196060545666744	0.378026381741639	-0.0396445486117841	-1.03814640223064
3.32908998041761	1.70838773834129	4.76007585601681	2.28613411234709	-0.111571267233293	-0.950783452781695	0.233915923384728	0.254369717669655
5.63624825094911	-0.362459775048544	4.45307729115274	2.98073616636593	-4.33533993056679	-1.60303029001598	-0.349090311111096	1.80471952781701
4.36782297362989	0.36182218764576	4.42415056345337	0.549754442307252	-0.937810099142088	-1.4030692408541	0.384811380954185	1.00877145459231
2.53392898433261	3.69427264673635	1.04628234292471	-2.7139438298668	-0.57124681352537	-0.614416922089954	0.216254799574414	-0.398215472914787
3.98292537585875	5.48686845360758	-1.50340618991918	-0.459196460899036	1.04617174969513	-1.13018938725447	0.330461403701541	0.396409915450103
0.945337871807556	-2.6011073625836	1.65294795769024	-4.60111675770386	-1.40723037805976	-1.10636903275636	-1.39005231871307	1.70173642500642
3.60217433465295	8.5417408851482	1.25568369683351	-0.692671144785446	2.30793270568074	-1.72495691094608	-0.495667084591772	1.16684791304578
2.69569105438253	2.6203861681327	2.40219420278506	-2.32488846252626	0.341220357216691	-3.06154660019334	0.0873576524748865	1.65713522515388
-0.355124846158825	2.02961401359492	1.21458370444605	-0.930109890229276	0.809982178651566	-1.71207050340637	0.18202766950017	-1.61638122086639
3.14078006095743	2.93022626269548	0.37696644712953	-0.670206778615414	0.52200515388894	-1.06019904957824	0.440423338922595	-0.175656552275982
2.3863117783479	2.35198980372131	1.47052835565207	1.26436246234312	0.181005416674739	-1.08594773122471	-1.69862862745037	-1.27465700311698
0.671932524889384	3.80690515227249	-1.70937582425438	-1.95952489275441	-0.149351122976115	-1.74672094431688	1.48621660306156	2.86445707448768
0.411698149835336	4.4933122180148	-1.41263152763064	-0.995045988190963	1.38113520343345	-2.1077115660338	-1.25127942046803	1.53032770101181
3.0225008293366	6.99739877640327	2.9116244357715	-2.51200505386988	0.145291797252939	-1.72200961166978	-0.236342264693109	2.86184082798839
0.207582291845477	0.152834452131249	-0.682517079007936	-0.0390789500424815	1.75798072772091	-0.202614082653973	0.713841434353693	-0.97571841300182
1.79245619221413	1.00623183047373	0.203608979280557	0.466384949150567	0.560395875492688	1.1276675143216	-0.638382687373321	-1.04945724325414
4.61769233481289	-0.69648617281137	0.155842186408007	2.3211181107617	1.36254162950035	0.224796964284916	0.750123228265733	0.464046568433628
1.39469948751687	1.35933485424593	-0.529188876388335	0.377706949981222	1.86952104653695	-0.0233690964370327	-0.254774957877995	-0.339088262575384
3.54307761185678	2.84812364374091	-0.135058358677624	-1.42924155841175	1.50803992289573	0.471114121261528	-0.734404302007601	-0.458006927310453
4.97361799847049	-0.498245397300264	-0.706341097207571	1.46884243023568	0.99871614406509	-0.0196692192726385	-0.369348284560658	-0.326170518913725
1.30735633268697	1.00506812471365	-0.233930290664147	1.67877008489996	1.15659264994979	0.696846097730279	-0.336218216309614	-1.47837560351679
4.97144669261001	4.3879542817955	-2.08244724210486	0.177460540547456	0.486108016588565	-1.87829392963183	-0.0720389105194859	-0.884804198420084
4.92841871328886	-2.26489583456056	-1.06913375014543	-0.127324963237956	-0.0852566217927443	-1.21292143884356	1.23898106050405	-1.41821568975855
2.96648646837214	0.0578106189328092	-0.528003140649372	-0.185107158760538	0.126617899010824	-0.0359217813191185	0.937056515618011	-1.17659708956917
5.92080889077008	1.68476961770562	-1.72570915387269	1.20385190783694	0.778166578213788	-1.33522056318626	-1.67025897316597	-1.35592929057791
4.46714652280057	5.15158390768086	-0.871296422965878	-0.718603814585872	0.979905237519308	-0.148134863579943	0.455849264116547	-0.620576057698344
0.885711052869152	-0.964214440323732	-0.208871140573561	-0.20216526973342	1.72197077142616	-0.381746775247505	3.54093794296008	-2.13687728561978
-0.463800451196426	1.02479730199656	-1.32706908956661	-1.48654634282893	1.08254305555887	-1.41956211635453	1.46545101027537	-2.85157152746265
3.3877746606686	7.11207499815518	-2.33145331597615	0.511244294952346	-0.204692911461178	-1.10505565963953	-0.167305558261321	-0.143180395766647
-0.0278246720251906	0.177430810429677	-0.546317765174181	0.391586063430611	0.941435558879143	-1.77819743898597	0.921604674463564	-0.269854024996539
4.74971585420147	-0.966210895401438	0.792616309527003	2.43935567215766	2.18887083939137	0.194328186281707	0.794158078405665	0.151645035099472
2.02289259993281	0.682497969675163	-0.465759297646101	-1.14548451015391	-0.0133607080305747	1.88450032808692	-1.58540905241202	-0.0133545790138528
2.26649523885379	-2.74909247352859	-0.398883453386146	-0.874509222436723	-0.0557095617782894	1.16518755760385	-0.154627196967797	2.18011327263451
2.46312727995556	-0.710735622510904	-1.0502558865771	-2.19686462426543	-0.0797082226839146	0.738306190793283	0.415589641541897	2.46383915622185
2.83918828008916	-3.94268198826422	-1.20148394707037	0.352139169632178	0.797905974705505	-0.529311336440599	-0.177224064270285	1.99104236770113
-0.00877743877740912	0.0420949425205688	-0.605371998947171	1.06084258552413	1.77463289561726	0.064236524264452	0.161534002174383	-0.836336950881731
0.97944408515032	-1.22420070351843	2.1175000294382	0.361138890544734	-1.74824401236309	-3.40161198727374	1.42721089410905	1.5268141827644
2.16627721121652	-3.60472255108972	0.517623180816175	-1.04267950385143	1.68089031975967	0.349613890375957	0.687209541254403	1.53634451977935
1.78396841433279	-0.0741715434734052	-0.0723002324681936	-0.853429300596706	2.01513393273819	1.1615112080751	0.413271670478398	-0.748792601189118
-0.380913829927376	-0.561527215675329	3.90005264907038	2.03661809879703	-1.55375772185382	-3.1696652146161	0.732136966937164	-1.28479771654464
-1.69263774845468	-2.62840765107704	4.20658864794391	1.45556346096228	-1.0564644630092	-0.578792169638816	2.52876660055302	0.951281065311109
3.77921204267658	-2.81341809937216	0.146474437312056	1.0605555883353	2.3197750255942	-0.386662103006408	1.51922650112398	1.44547201250881
4.99546667121127	1.54493299647656	0.33211591083685	2.48694926467575	2.59924160837578	-0.549486866734033	-2.07321275754263	1.17845640460512
4.90043247253919	3.77231627694049	-0.865633497356425	0.824588690725613	2.60646568781178	-0.280531029646851	-0.52642240597912	0.00615788785544747
2.62254589901065	-3.56113192809961	-0.77404464993499	0.580868999102253	0.537418408169087	0.57481878064464	-0.593209443380022	2.24203175886381
2.07694301660717	-1.69267829705026	-0.803439168700421	-0.580084809083688	1.00219209883301	-0.13131234321106	-0.357830611664955	0.884780815366288
4.08131198610339	-3.19285360947556	-1.58383011394815	0.340416523226013	0.84142699075752	-2.36867441123156	1.1540683381127	0.640842712679275
5.23469587093131	1.64316285607688	-0.866993900420876	1.7498969597084	2.58952733468939	-1.23895382875484	-1.72854893742437	-1.38249775925835
2.95827253202223	-3.75919927157565	-0.958675623504908	0.800642570982794	2.30714968033749	-1.36099217885339	-0.284896442929087	0.636719182168328
2.13478272278524	-0.529989119984096	0.545491116851564	1.43860298426577	1.78279079760817	1.7605774126072	-2.56365232930322	-0.313911600736202
5.2798775658492	-0.164059881300188	-0.986064425872391	1.75702914536625	2.00335473158015	-1.54526137579469	0.862607990638814	1.18589091608504
2.16523508958427	-1.96998407559485	-0.150739013990211	0.812414606494268	2.35671920760204	-0.569085951983546	-0.277498137409221	-0.383400591690578
6.70666785953583	0.19781268867833	1.75754607985498	4.15051886701861	2.21510359070581	0.832321076040473	-1.38809913572569	0.596178519544189
2.41156466436262	-2.01431447823073	-1.25235342674725	-1.91438815235171	-0.739598484651661	-0.323484556327807	-0.0547868759913751	-0.1559082233246
1.93680594290577	-2.51784757693378	-1.82793090275836	-0.555881038014042	-0.512095762924611	-0.592239140390769	-1.03636228875038	-1.14148829696658
5.61795472721324	-0.345806697956916	-2.24964345647184	1.37501981015037	1.0948333739508	-1.70637195381077	0.985819813540865	0.867229308068582
3.82444747469592	-1.33822574426526	-1.1377269287582	0.531627163549258	0.312697958379081	0.381656782981856	-1.57678939584115	-1.29871569658314
3.58810745106606	-2.77798809141842	-1.181779417927	0.397526403563693	0.974583045670819	-0.393607931486439	-0.169116083531061	-0.228725538366974
3.16158936607128	-0.908649353624805	-1.26526123107783	0.709641470535441	-0.0753007530997937	0.490386661777213	-1.23196411701651	-0.495435985756242
4.77368525407885	-2.16026594361925	-1.86134098031152	0.509135591666247	0.0741790084878548	-1.20100324448506	-1.20063166761786	0.927704076331108
0.853842299142479	-1.97172468289103	0.0177431610866248	-0.231086475965883	0.839233721388929	2.25594510482657	-0.617594871698694	0.192537412856802
2.64268509106119	-3.42395206347168	-0.933935359937812	1.014906388164	0.229684517707739	0.637522948310776	1.52519723558067	1.50946081056456
4.40118798137751	-1.38475312535118	1.37288036313531	4.87801947024056	1.85353898997258	1.85042637524919	-0.979127931152982	-0.169344038131962
2.41835501575212	-1.51310527851309	-1.66193146907338	-0.267094679344951	-1.01583087302056	-0.553182047734291	-0.106486376295766	-1.2542804825442
4.23474368308098	-1.30256157260798	-2.40192038052082	-0.077025851954525	-1.15160226202186	-1.69297078165666	0.749978463456688	-0.185231831157804
1.5736389092078	-2.02753333264677	-1.46378118709393	-0.0667275007935314	-0.771837539851147	0.0537916348380968	-0.290785214163975	-1.11476165361032
3.97982659382338	0.187778308129914	-2.3311694339878	-0.386462029376009	-1.07484523115398	-1.09616575794691	0.498544939871485	-0.592678250729362
2.78881384131249	-0.112407705974401	-2.2821578221884	-1.52788824633263	-1.02325239137335	-1.08863910856292	0.96165731034303	-0.661347088261002
3.27642101851963	-0.240568456094482	-1.51520809515038	-1.29434041857543	0.5750001487287	-1.00025519030951	-0.014117723834174	-1.74920746463127
2.76717259506163	-0.561483864603986	-0.860700220676	0.00983097020640641	0.13331106126088	-0.278659438807343	0.254623924670283	-2.41986974731731
2.37693001869426	0.175847058480973	-1.50415448407509	-1.23693777880906	0.631345600373496	-0.206186570545143	-0.646880202932258	-1.84675642708468
5.91978816905454	0.703140122298297	-1.75682467222642	0.793224446050118	0.749299102320737	-1.05068427202442	-2.59302776665475	-0.282510259249853
3.41294638674952	0.31936623342819	-1.59160458787889	-0.924290628957346	0.481420377769309	0.0354340215552107	-0.900282198193529	-0.971249324359069
6.44013184792982	2.80019084352148	-2.71512431205171	-0.904377335654224	-0.187741221123678	-2.23575085645259	1.00343355832705	1.98015402786786
5.67816752479064	1.80670951136355	-3.29898785227693	-1.27290172222185	-0.646274077670361	-2.95954008888905	0.415821389579129	0.633231096413219
2.34609786192572	-1.23630235491713	-1.19009336554112	-1.75644352198004	0.253404711599742	-0.378404926573448	0.480169101509897	-1.88074904187468
2.74305545302024	-1.32440458241569	-1.45453342188829	-0.894668109647448	0.253602951003934	-0.0703338623418752	0.276306445764445	-1.75792056265235
2.87346789351031	-0.810335830137896	-1.66130447659302	-1.04183497547416	0.152984258461064	0.794644098071279	-0.00066356759200048	-1.12268836342033
5.10967508813751	0.759224708648323	-1.76870039149455	0.752191440450905	0.283984655168256	-0.870272942791028	0.471555713411359	-1.66838241097108
3.54968421254716	0.364134886365564	-1.52380449812798	0.097927013694171	-1.08352959757632	0.98691077604556	0.668720036623585	-0.318929861777397
-0.827314261853558	0.212603858799548	1.24961268893093	-1.77080601871007	-0.668584270567172	-1.49626181504585	-0.163454626262099	-0.238029489760386
1.30527102929818	-0.867631941129276	0.196793256059283	1.45009196409197	-0.163750130582004	2.50163025059519	-1.69486757879096	0.0491547792133261
0.81007202308761	-0.451023699971307	-0.148080807872831	-1.56822091740998	-1.06540029397689	1.35582964082842	0.0108641880593798	-1.14832335588745
1.04459416039575	-1.07320465291084	1.04749402157	0.0491109735363479	-1.58818766883424	-1.67930916259612	-1.17204787410462	1.99454518036266
3.86122851870354	-1.32951412895701	-1.79529496873054	-0.153294502688695	-0.0277145781654862	-0.296253742934207	-0.422567094059219	1.38258176802121
-1.04183775972364	-3.16624952451444	-1.53192410650105	-0.162426058448391	-0.797036652644961	0.0387683378373555	-0.86167871569491	-0.409511399340261
-0.579386710178858	-2.20659156564097	-1.68320435110941	-1.18284489851226	-0.348112075729193	-0.114528937071988	-1.89109521737623	0.106669918846591