	Germ	GBegF	BegFEndF	EndFBegM	BegMEndM	FloCol	StemCol	BushShape	LeafSize	FlowStemCol	AscoRes	StemBr	StemL1ord	StemBr1ord	StemBr2ord	PodD	PodS	Height	Hlp	NoPodsWeight	PodsWeight	PodsNumber	SeedsNumber	SeedsWeight	PodShape	PodLength	PodWidth	SeedShape	SeedCol	Seed1000W
VIR0002	8	32	22	22	13	3	5	3	3	7	9	9	5	7	5	2	2	56	23	9.3	14.3	56	78	9.7	7	20	9	3	14	135
VIR0003	8	33	34	10	14	3	7	1	3	7	9	9	5	7	5	2	2	53	25	8.6	7.7	24	36	4.6	7	19	9	3	10	155
VIR0004	8	32	21	24	11	3	7	5	3	7	9	5	5	1	5	2	1	56	13	13.7	18.2	70	110	13.2	7	19	8	3	14	140
VIR0005	7	37	24	18	13	3	5	5	3	7	9	9	5	7	5	1	2	51	20	18	18.2	53	79	11.7	7	18	9	3	10	150
VIR0021	8	39	14	27	14	1	3	5	7	3	7	5	5	1	5	2	2	65	27	32.5	32.3	46	50	17.4	5	26	14	3	1	445
VIR0023	8	39	27	14	14	1	3	5	7	3	9	5	5	1	5	2	2	70	26	48.6	32.3	50	58	16.6	5	25	13	3	1	405
VIR0024	8	39	16	25	14	1	3	5	7	3	7	9	7	7	7	2	1	65	19	36.9	62	64	63	23.9	5	25	15	3	1	440
VIR0025	8	40	27	15	14	2	3	5	5	3	5	9	7	1	7	1	1	47	17	8.9	13.2	79	60	6.8	7	18	10	3	4	115
VIR0026	8	42	25	12	10	1	3	5	5	3	9	5	5	1	5	2	2	55	20	14.4	29.1	106	140	19.6	7	20	10	5	1	170
VIR0027	8	39	21	18	11	1	3	5	5	3	7	7	5	1	5	2	2	40	17	3.9	7.7	47	62	5.2	7	20	10	3	2	95
VIR0028	8	38	22	18	12	1	3	3	5	3	5	7	5	7	5	1	1	46	23	8.1	10.2	70	95	10.2	7	19	9	3	1	115
VIR0030	8	35	25	18	12	1	3	3	5	3	7	9	5	7	5	1	1	43	14	5.6	14.1	92	75	5.1	7	19	8	7	9	90
VIR0031	8	33	22	24	11	1	3	3	5	3	5	9	3	7	5	1	1	42	22	4.7	5.7	47	41	4.5	7	18	9	3	10	140
VIR0033	8	39	21	18	12	3	5	5	3	7	5	5	3	1	5	1	1	35	17	2.8	4.4	26	34	3.8	7	16	8	3	10	125
VIR0034	8	35	25	18	13	3	5	5	3	7	5	5	3	1	5	1	2	50	20	8.5	31.4	104	59	6.1	7	20	10	3	11	160
VIR0036	8	39	28	12	12	1	3	5	5	3	9	9	3	7	5	1	2	55	20	20.6	25.3	93	113	17.5	7	19	9	5	1	165
VIR0037	8	35	25	18	12	3	7	3	3	3	3	9	5	1	5	1	2	40	19	2.8	7	31	44	3.3	7	19	10	3	10	115
VIR0038	8	36	18	25	13	3	7	5	5	7	9	9	7	7	5	2	2	60	21	11	27.6	82	88	15.3	7	20	10	3	10	185
VIR0039	8	35	18	21	7	3	5	5	3	7	5	9	5	1	5	2	1	40	17	2.6	8.2	43	48	4.1	7	20	9	3	10	125
VIR0040	8	41	32	9	13	3	5	5	3	7	9	7	3	1	5	2	1	70	30	25.5	5.8	52	45	6.9	7	19	10	3	11	170
VIR0041	8	41	29	11	14	3	5	5	3	7	9	7	3	1	5	1	2	58	30	12.2	9.6	44	52	8.7	7	18	8	3	11	180
VIR0042	8	37	18	23	11	3	5	3	3	7	5	7	3	7	5	1	1	45	19	5.7	10	47	65	7.6	7	18	9	3	10	150
VIR0043	8	39	15	24	11	3	7	3	3	7	5	9	5	7	5	2	1	37	15	3.1	9.5	44	50	6.3	7	17	9	3	10	155
VIR0111	9	26	7	32	9	3	7	3	5	3	9	9	5	7	5	1	2	55	23	22.8	27.4	56	71	18.4	7	22	11	5	1	305
VIR0125	8	38	16	28	11	1	3	3	5	3	5	7	5	1	5	1	2	53	26	23	13	39	23	7.2	7	23	12	3	1	305
VIR0143	8	38	16	26	12	1	3	3	5	3	5	9	3	7	5	1	2	55	20	10.4	19.8	61	55	10.5	7	22	11	3	1	240
VIR0167	8	39	24	16	12	1	3	3	7	3	9	7	5	1	5	1	2	55	27	14.3	13.1	33	32	9.9	7	26	13	5	1	350
VIR0172	8	32	21	23	14	3	7	3	3	7	7	9	5	7	5	2	1	53	27	6.8	12.5	61	72	5.9	7	19	9	3	13	145
VIR0187	8	32	20	27	15	3	3	3	7	3	5	9	5	7	5	1	2	56	27	21.6	7.9	35	26	7	5	25	15	3	9	340
VIR0189	9	28	24	7	15	1	3	3	5	3	7	9	5	7	5	1	1	60	23	34.8	17.7	54	41	9.7	7	24	13	3	1	280
VE0111_0192	8	38	16	26	15	3	3	3	3	7	9	9	5	7	7	2	2	25	35	30.9	12.2	60	89	10.4	7	18	8	3	10	145
VIR0196	8	32	22	23	16	2	5	5	5	7	7	9	3	7	7	2	1	66	27	13.6	22.7	90	113	14.1	7	20	10	3	13	170
VIR0199	8	40	15	23	16	3	7	7	7	7	9	9	3	7	7	1	1	60	25	12.2	3.3	22	25	5.1	7	20	11	3	14	230
VIR0201	8	39	15	27	15	1	3	3	5	3	7	9	3	7	7	1	1	55	27	17.2	20.7	64	62	12.2	7	21	11	3	1	250
VIR0202	8	39	14	26	16	2	3	5	5	3	7	9	3	7	5	1	2	66	23	12.4	24.2	58	53	7.9	7	20	10	3	11	150
VIR0203	8	35	19	20	7	1	3	5	5	3	7	7	5	1	5	1	2	50	21	7.9	7.1	42	35	3.5	7	20	10	3	1	130
VIR0204	8	38	17	24	15	1	3	5	5	3	7	9	5	7	5	1	1	50	22	11.5	9.8	51	49	4.4	7	20	10	3	1	115
VIR0205	8	37	17	25	14	1	3	5	5	3	7	9	3	7	5	2	2	60	25	10.1	18.9	63	45	5.9	7	20	10	3	1	105
VIR0206	8	38	17	25	14	1	3	3	5	3	5	9	3	7	5	2	1	50	23	10.6	8.7	39	41	4.3	7	20	10	3	1	130
VIR0207	8	38	16	26	14	1	3	3	5	3	5	9	3	7	5	1	2	60	20	18.2	31.6	153	131	15.4	7	20	9	5	1	145
VIR0208	8	36	18	26	14	1	3	5	5	3	5	9	3	7	5	1	1	60	18	10.7	15.1	105	82	9.3	7	20	10	5	1	145
VIR0209	8	39	16	25	16	2	3	5	5	3	7	9	3	7	7	1	1	70	30	22.2	36.5	120	130	22.1	7	20	10	3	11	225
VIR0210	8	39	16	25	16	2	3	5	5	3	7	9	3	7	5	1	1	67	31	20	14.6	46	45	8.4	7	21	11	3	11	205
VIR0212	8	38	15	27	14	3	7	7	5	7	7	9	3	7	5	2	1	60	30	19.9	6.9	63	70	8.9	7	22	11	3	10	195
VIR0215	8	39	14	29	14	1	3	5	5	3	5	9	3	7	5	1	1	65	25	25.8	26	67	58	11.8	7	20	10	5	1	255
VIR0216	8	37	17	26	14	3	7	3	3	7	7	9	5	7	5	1	1	55	19	12.1	11.9	73	66	8.7	7	20	10	3	10	160
VIR0217	8	39	15	27	12	3	7	3	3	7	5	9	5	7	5	1	1	53	22	8.9	14.3	85	81	12.2	7	20	10	3	10	170
VIR0218	8	39	22	24	13	1	3	3	3	3	5	9	5	7	5	1	2	60	22	22.7	22.5	67	32	5.7	7	21	10	3	2	190
VIR0220	8	39	14	33	12	1	3	5	3	3	5	9	3	1	5	1	2	60	21	17.8	15.2	50	48	8.7	7	21	11	5	1	200
VIR0221	8	39	14	28	17	2	3	3	5	3	7	9	3	7	5	1	1	50	20	12.6	14.5	52	31	5.2	7	20	8	7	11	210
VIR0222	8	38	15	27	16	2	3	5	5	3	5	7	3	7	5	1	1	60	27	7.2	4.1	18	12	1.4	7	23	11	3	11	180
VIR0224	8	40	13	27	13	1	3	7	5	3	9	9	3	7	5	1	2	65	22	17.9	16.3	30	31	9	7	23	12	3	10	300
VIR0225	8	39	16	24	11	3	7	7	5	7	7	5	3	1	5	2	2	50	31	12.3	6.1	38	30	6.1	7	20	9	3	10	240
VIR0226	8	39	22	21	12	1	3	5	5	3	7	7	3	1	5	1	2	56	32	8.5	18.4	45	53	10.9	7	21	10	5	1	250
VIR0227	7	39	15	29	12	2	3	5	7	3	7	7	3	1	5	1	2	60	21	9.8	17.9	68	83	15.2	7	22	11	3	11	215
VIR0229	8	35	20	25	13	1	3	5	5	3	7	9	3	7	5	1	2	50	21	7.2	12	43	48	9.4	7	23	12	5	1	245
VIR0230	8	41	19	22	14	3	7	5	5	7	5	9	3	7	5	1	1	56	25	11.3	8.4	48	49	7	7	19	8	3	11	155
VIR0231	8	39	16	27	14	3	7	5	5	7	9	9	3	7	5	1	2	55	21	14.2	10.9	72	69	9.8	7	20	10	5	10	150
VIR0232	8	39	15	25	16	3	5	5	5	7	7	9	3	7	5	1	1	60	27	19.8	9.4	58	51	10.1	7	16	8	3	10	190
VIR0233	7	40	15	25	15	3	3	5	5	3	7	9	5	1	5	1	2	57	25	14	18.2	60	53	10.9	7	24	11	3	10	250
VIR0234	7	40	15	24	16	2	3	5	5	3	5	9	5	1	5	2	1	60	22	9.4	13.8	58	60	8.4	7	23	11	3	11	190
VIR0235	7	40	21	19	17	3	7	5	3	7	5	7	5	1	5	1	2	53	25	15.6	8.8	53	56	5.8	7	15	8	3	10	150
VIR0236	8	40	20	21	16	1	3	3	5	3	7	9	5	7	5	2	2	60	21	12.9	22.1	74	68	13.8	7	20	10	5	1	240
VIR0237	8	39	28	14	17	2	3	3	3	3	7	9	5	7	5	1	2	53	23	11.9	18.1	59	63	11.1	7	19	10	3	11	210
VIR0238	8	37	17	22	19	2	5	5	5	7	5	7	3	7	5	1	2	62	31	14.4	28.8	77	74	12.3	7	24	11	5	10	150
VIR0239	8	40	21	18	13	1	3	3	7	3	9	9	5	7	5	1	2	50	20	28	46.6	72	77	33.8	5	30	15	5	1	400
VIR0240	8	39	16	26	15	2	3	5	5	3	9	7	5	1	5	1	1	70	23	25.7	35.4	78	102	24.1	7	20	10	3	11	210
VIR0241	7	36	18	25	11	3	7	5	5	7	7	7	5	1	5	1	1	50	20	6.5	10.2	53	63	7.1	7	20	9	3	10	240
VIR0242	8	39	15	29	14	1	3	3	5	3	7	9	5	1	7	1	2	60	17	24.6	35.3	90	93	19.2	7	21	10	5	1	210
VIR0243	8	39	22	20	14	1	3	5	5	3	5	9	5	1	7	1	2	56	15	20.6	37.2	121	96	15.2	7	21	10	5	1	150
VIR0244	8	39	22	20	16	1	3	3	5	3	7	9	5	7	5	2	2	56	17	14.4	19.3	66	57	12.5	7	23	11	5	1	260
VIR0245	7	33	22	26	16	3	3	5	7	3	5	9	5	7	5	2	1	52	17	18.3	31.2	95	125	21.3	7	22	12	3	11	230
VIR0246	8	32	22	21	10	3	7	5	3	7	9	7	5	1	5	1	1	46	20	3.5	7.6	42	54	6.1	7	18	8	3	10	130
VIR0249	8	37	30	14	20	2	3	3	3	3	7	7	5	1	5	1	2	65	17	16.2	34.4	104	16.2	16.5	7	17	7	5	11	195
VIR0250	8	39	28	14	19	3	5	3	3	7	7	9	5	1	5	1	2	68	22	27	26.9	100	127	18.2	7	19	9	3	11	170
VIR0251	8	40	27	13	21	1	3	3	3	3	7	9	5	1	5	1	2	56	20	12.9	37.1	98	118	25.1	7	20	10	5	1	250
VIR0252	8	40	27	13	20	1	3	3	5	3	7	9	5	1	5	2	2	57	26	14	32	94	98	23.2	7	23	10	5	1	220
VIR0253	8	40	27	13	9	3	7	3	3	7	7	9	5	1	5	2	2	50	23	5.5	8.1	41	64	6.7	7	17	8	5	10	120
VIR0254	8	39	28	12	18	2	3	3	3	3	7	9	5	1	5	2	2	50	27	6.1	10.3	33	51	7.2	7	19	8	3	11	200
VIR0256	8	39	28	15	18	1	3	5	5	3	9	9	5	1	5	2	2	62	20	34.1	24.6	106	104	21.8	7	20	10	5	1	210
VIR0257	8	39	28	15	17	3	7	5	5	7	9	9	3	5	5	2	2	66	25	7.9	7	51	64	9.5	7	18	10	3	10	160
VIR0299	8	37	16	24	21	3	7	3	5	7	9	7	3	1	5	2	2	55	15	21.3	17.1	56	54	15.4	7	21	10	3	10	195
VIR0300	8	35	17	24	9	3	7	3	3	7	3	7	5	1	5	1	2	40	16	6.7	22.9	89	90	15.8	7	17	7	5	10	155
VIR0301	8	36	18	22	9	3	7	5	3	7	3	7	5	1	5	1	2	36	17	3.7	8.6	40	44	6.8	7	17	9	3	10	160
VIR0302	8	39	22	18	11	1	3	5	5	3	7	9	5	1	5	1	2	43	19	8.4	26.4	118	124	16.1	7	20	10	5	1	155
VIR0303	8	42	21	16	11	1	3	3	5	3	9	9	5	1	7	1	2	53	19	41.2	28.3	73	68	22.4	7	23	12	3	1	295
VIR0306	8	39	14	23	12	1	3	5	3	3	7	7	3	1	7	2	2	42	19	5	12.5	64	60	9.3	7	16	7	5	1	145
VIR0308	8	39	16	22	14	1	3	3	3	3	7	7	3	1	7	2	2	43	22	7.7	10.2	40	55	7.6	7	20	10	3	1	145
VIR0312	8	37	15	25	14	1	3	3	3	3	7	9	3	7	5	1	1	47	19	5	15.3	62	67	11	7	20	10	3	10	160
VIR0313	8	39	13	26	15	7	3	3	3	7	5	9	3	1	5	1	1	40	17	6.8	15.4	70	74	7.8	7	18	8	3	10	115
VIR0314	8	37	16	24	17	3	7	3	3	7	3	9	3	7	5	1	2	35	13	2.6	6.7	36	36	4.6	7	18	9	3	10	140
VIR0315	8	39	14	24	17	3	7	5	3	7	3	9	3	1	5	1	2	31	19	1.5	3.8	25	27	2.5	7	15	8	3	10	115
VIR0325	8	41	12	25	14	2	3	3	5	3	9	9	3	1	5	1	2	60	20	32.7	64.3	143	180	43.8	7	25	12	3	11	270
VIR0328	9	26	6	25	14	1	3	3	3	3	7	5	5	1	5	2	2	52	26	7.7	11.4	48	47	7.9	7	22	10	3	1	225
VIR0336	8	40	13	26	15	2	3	3	7	3	5	9	5	7	5	2	2	65	21	29.6	24.7	105	64	19.7	7	21	12	3	11	325
VIR0340	8	39	16	23	12	1	3	3	5	3	9	7	5	7	5	2	1	60	21	23.2	55.3	121	122	39.2	7	23	12	5	1	310
VT0003_0344	8	38	26	18	17	1	3	3	5	3	7	9	5	1	7	1	2	52	13	32.7	42.2	123	145	21.9	7	21	11	5	1	222
VIR0345	8	39	14	26	12	2	3	3	5	3	9	7	5	7	5	2	2	60	17	20.8	37.4	90	79	19.5	7	20	10	3	11	280
VT0005_0347	8	39	14	28	15	2	3	3	5	3	9	9	5	1	5	2	2	53	14	47.1	87	167	131	29.2	7	25	13	3	11	278
VT0006_0348	11	47	16	15	17	1	3	3	5	3	7	9	3	7	7	1	1	30	14	16.1	12.4	14	12	2.3	7	20	12	5	1	240
VT0007_0349	8	39	25	17	15	2	3	3	5	3	5	9	5	1	1	2	2	56	21	40.3	90.4	216	211	49.8	7	21	11	3	11	250
VT0008_0349	13	42	19	14	15	2	3	3	5	3	9	9	5	1	5	2	2	50	24	20.3	63.8	146	64	14.4	7	22	12	3	11	225
VT0009_0350	8	38	26	17	19	3	3	3	5	3	5	7	5	1	5	2	2	55	15	30.1	24.9	73	85	16.7	7	17	8	3	10	200
VT0010_0351	8	38	22	22	14	2	3	3	5	3	5	9	5	1	5	2	2	60	18	46.3	52.8	105	85	29.5	7	23	11	5	11	365
VT0011_0352	8	41	23	18	18	2	3	3	5	3	9	9	5	1	5	1	2	63	30	43.1	36.4	83	78	23.5	7	22	10	3	11	305
VT0012_0353	10	37	13	22	7	2	5	1	5	7	7	9	5	1	7	1	1	46	16	22.2	52.3	115	116	29.2	7	21	11	3	11	215
VT0013_0354	10	37	14	27	18	3	5	3	5	7	7	9	5	1	5	1	1	56	20	39.1	49.2	136	133	26.4	7	18	8	3	10	210
VT0014_0355	10	36	32	12	19	2	3	3	5	3	9	7	3	1	5	1	1	51	19	43.3	70.6	198	188	36.6	7	20	10	5	2	205
VT0015_0356	8	36	16	29	15	3	3	3	5	3	5	7	5	1	5	2	2	52	21	22.5	25.2	56	49	11.6	7	22	10	3	10	205
VIR0359	8	38	15	26	15	1	3	3	5	3	9	9	5	1	5	2	2	55	20	15.6	21.2	53	50	12.9	7	21	10	7	1	240
VIR0360	8	39	14	26	15	2	3	3	5	3	7	9	5	7	5	2	2	55	28	19.2	12.5	46	51	13.1	7	21	11	3	11	265
VT0018_0361	8	39	13	28	17	2	3	5	5	3	9	9	5	3	5	2	2	60	26	20.2	32.7	66	71	18.4	7	22	11	5	10	210
VT0019_0362	8	39	14	27	13	1	3	5	7	3	7	7	5	1	5	2	2	63	30	37.3	30.1	65	48	22.2	5	26	13	3	1	315
VIR0363	8	39	15	24	13	2	3	5	3	3	9	9	5	7	5	1	2	56	30	21.8	22.8	87	78	20.1	7	21	11	5	10	240
VT0020_0364	8	37	16	28	14	2	3	3	5	3	5	7	5	1	5	1	2	57	25	26.8	33.6	77	76	19.5	7	24	10	3	11	230
VT0021_0365	8	39	14	28	17	1	3	3	5	3	9	9	5	1	5	1	2	55	19	48	60.3	106	92	18.4	7	23	11	5	1	205
VIR0370	8	39	14	25	14	3	7	5	5	7	9	9	5	1	5	2	2	56	26	7.8	18.6	53	58	11.6	7	20	10	3	10	245
VIR0371	8	39	13	26	12	2	3	5	5	3	9	9	5	7	5	2	1	55	20	8	27.9	83	108	20.7	7	25	12	3	11	200
VIR0372	8	38	14	25	13	1	3	5	5	3	9	9	5	7	5	2	1	60	23	20.5	25	85	55	19.4	7	21	10	3	1	210
VIR0373	8	39	13	27	15	2	3	5	5	3	3	9	5	7	5	2	1	50	25	19.5	20.8	49	79	13.7	7	23	11	3	11	190
VIR0374	8	41	13	24	15	2	3	5	5	3	9	9	5	7	5	1	2	60	20	37.2	26.2	136	130	27.8	7	19	9	3	11	190
VIR0375	8	39	15	24	15	1	3	5	5	3	7	9	5	7	5	2	1	65	25	24.5	54.1	82	86	26.7	7	23	11	5	1	240
VIR0376	8	39	15	25	15	1	3	5	5	3	5	7	3	1	5	1	2	56	22	11.6	25.5	45	30	7.6	7	23	10	5	1	255
VIR0377	8	39	21	20	17	3	5	5	5	7	5	9	5	7	5	2	1	55	25	14.1	20.7	64	78	12	7	20	8	3	10	170
VIR0378	8	40	20	20	17	3	3	5	5	3	5	9	5	7	5	1	2	60	31	24.8	19.5	64	51	15.6	7	20	11	3	11	270
VIR0380	8	41	19	21	15	3	5	3	5	7	5	9	5	7	5	2	1	65	30	21.4	12.7	46	61	8.6	7	20	10	3	10	190
VIR0381	8	40	20	21	15	2	3	5	3	3	5	7	5	1	5	2	2	50	24	8	7.8	38	28	5.2	7	20	9	3	11	200
VIR0382	8	39	14	26	13	2	3	5	5	3	5	7	5	7	5	2	2	60	19	23.1	30.2	66	48	12.4	7	25	11	3	10	300
VIR0383	8	39	13	27	13	1	3	5	7	3	5	9	5	7	5	2	2	56	20	17.8	46.4	59	59	21.3	5	24	12	3	1	435
VIR0400	9	31	9	22	18	2	3	5	3	3	9	9	5	7	5	2	2	55	25	27.3	30.2	58	94	19	7	20	10	5	2	210
VIR0407	8	40	35	12	19	3	7	3	3	7	3	9	5	7	5	1	1	55	27	12.8	19.9	46	42	8.2	7	20	11	3	11	190
VIR0408	8	39	16	24	13	1	3	3	5	3	3	9	5	7	5	2	2	56	22	29.5	45.7	139	148	24.3	7	20	10	5	1	200
VIR0409	8	39	16	24	11	1	3	5	3	3	3	9	5	1	5	1	1	45	19	8	12.5	93	79	7.5	7	19	10	3	1	110
VIR0412	8	36	17	28	13	3	7	5	3	7	3	9	5	1	5	1	1	35	17	2.3	1.8	18	5	0.2	7	17	8	3	10	110
VIR0413	8	36	17	27	12	3	7	5	3	7	3	9	5	1	5	1	1	33	20	2.3	2.4	22	11	0.8	7	17	8	3	10	110
VIR0414	8	35	17	28	12	3	7	5	3	7	3	9	5	1	5	1	1	35	17	5	3.1	29	18	1.4	7	16	7	3	14	110
VE0112_0450	7	35	19	25	11	3	5	3	3	7	9	7	5	7	5	1	1	61	25	22.6	26.3	76	96	15.8	7	19	8	3	10	145
VIR0453	13	34	13	28	15	1	3	3	7	3	3	9	5	1	5	1	1	43	27	13.6	2	3	2	0.7	5	25	14	5	1	220
VIR0454	8	39	13	28	15	1	3	3	5	3	3	9	5	7	5	1	2	50	26	8.6	6.3	18	9	2.3	5	25	13	3	1	260
VIR0464	8	39	14	27	12	3	5	5	3	7	7	9	5	7	7	2	1	50	24	15.6	6.4	28	26	4.3	7	19	10	3	11	190
VIR0467	10	37	13	28	15	1	3	3	7	3	5	9	5	7	7	2	1	60	20	16.3	23.7	40	26	9	5	25	13	5	1	390
VIR0471	8	36	17	27	14	3	7	5	5	7	3	9	5	7	7	2	1	60	17	22.4	17	88	49	11.8	7	21	10	3	11	250
VIR0472	8	36	18	26	14	3	7	3	5	7	3	9	5	7	7	1	1	45	17	14	8	48	31	5.2	7	19	8	3	11	210
VIR0473	8	37	18	25	12	3	3	3	5	3	7	9	5	7	7	1	2	56	20	10.7	11.4	46	37	9.7	7	18	9	5	10	255
VIR0474	8	39	16	24	12	3	7	3	5	7	3	9	5	7	7	1	2	50	20	18.8	16.5	48	42	8.3	7	25	12	3	10	250
VIR0482	8	39	14	27	14	3	7	5	3	7	3	7	5	1	5	1	1	52	22	9	10.8	45	43	7.3	7	21	11	3	11	160
VIR0483	8	39	14	27	14	3	7	5	3	7	3	9	5	7	5	2	2	52	20	6.5	7.4	23	21	3.3	7	20	9	3	11	225
VIR0533	8	39	14	28	14	1	3	5	7	3	5	9	5	7	7	2	1	60	20	27.5	52.7	77	52	21.5	5	25	14	5	1	475
VIR0535	8	39	14	27	13	1	3	3	5	3	3	9	5	7	5	2	2	55	26	12.7	6.4	20	19	5.9	5	25	13	5	1	345
VIR0539	8	39	15	26	15	3	7	3	5	7	5	9	5	7	7	2	1	62	30	16.1	13.9	35	14	4	7	21	11	3	11	290
VIR0540	9	40	19	24	12	3	7	5	5	7	5	9	5	7	7	2	2	52	21	14.2	21.2	45	39	10.9	7	22	11	3	11	260
VIR0542	8	39	14	26	15	1	3	3	5	3	5	9	5	7	5	2	1	50	23	11.5	13.2	32	29	8.1	7	21	11	5	1	265
VIR0543	9	29	4	27	15	1	3	5	3	3	9	9	5	7	5	2	2	45	20	21	9.2	30	31	7.6	7	23	12	5	1	245
VIR0545	8	39	13	28	14	1	3	3	3	3	7	9	5	5	5	2	2	53	20	17	19	84	95	16.6	7	22	9	7	1	200
VIR0584	8	39	13	27	14	1	3	3	5	3	5	9	5	7	5	2	2	60	21	18.2	21.7	68	58	14.2	7	24	13	3	1	310
VIR0586	8	40	13	26	14	1	3	3	5	3	9	9	5	7	5	1	2	56	24	32.2	51	95	118	28	7	21	11	5	1	275
VIR0587	8	36	17	27	16	3	7	5	3	7	7	7	5	5	5	2	2	55	24	12.6	12.7	48	50	8.7	7	22	10	3	11	200
VIR0588	8	39	15	25	14	3	3	3	3	3	9	7	5	5	5	2	1	67	26	26.3	19.3	61	53	14.5	7	22	10	3	11	285
VIR0589	8	39	15	26	17	1	3	3	7	3	5	7	5	7	7	2	1	56	20	31	5.7	62	35	10.9	5	26	13	3	1	350
VT0022_0590	8	39	13	29	17	1	3	3	7	3	9	9	5	1	5	1	2	70	25	38.7	29.5	50	53	17.6	5	25	13	3	1	385
VT0025_0593	7	40	14	26	10	2	3	5	5	3	9	9	7	1	5	1	2	60	26	29.4	41.1	51	46	12.4	7	21	10	3	10	270
VT0027_0596	8	39	14	28	15	1	3	3	5	3	9	9	7	1	7	1	2	62	17	62.7	86.1	129	77	31.7	7	24	12	3	11	375
VIR0597	8	39	15	26	13	3	3	3	3	3	7	7	5	7	7	2	2	52	26	13.2	28.4	89	46	14.7	7	20	10	5	11	295
VT0028_0599	8	39	14	28	17	1	3	1	7	3	5	9	7	1	7	2	2	65	27	31.7	24.1	34	37	12	5	24	14	5	1	340
VT0029_0600	9	35	17	26	13	1	3	3	7	3	7	9	7	1	7	1	2	62	27	20.1	20	63	55	18.3	7	22	11	3	1	325
VIR0601	8	39	13	29	16	3	3	5	5	3	5	7	5	7	7	2	1	53	23	14	11.9	31	23	8.5	5	25	12	5	11	275
VT0031_0603	8	45	8	28	15	1	3	3	7	3	7	9	7	1	7	1	2	70	25	83.1	49	71	75	25.8	7	23	12	3	2	380
VIR0605	8	39	13	28	14	1	3	3	5	3	5	7	5	7	7	2	1	56	21	18.4	21.9	46	40	12.7	7	25	12	3	1	315
VT0033_0606	8	40	13	27	12	1	3	1	5	3	7	7	7	1	7	1	2	61	30	44.2	56.1	133	181	40.9	7	20	10	5	1	240
VT0035_0608	8	32	21	27	14	1	3	3	5	3	5	3	7	1	7	2	2	50	22	12.1	21.4	38	27	12	7	22	8	3	1	310
VT0038_0611	8	35	18	28	16	2	3	1	3	3	5	7	7	1	7	2	2	52	20	28.3	25.1	60	54	13.9	7	16	7	3	11	220
VIR0623	8	39	14	27	14	1	3	3	3	3	7	3	7	7	7	1	2	47	19	5.6	10.3	38	26	6.4	7	20	8	5	1	230
VIR0626	8	37	18	26	16	3	5	3	3	7	5	3	7	7	7	1	2	62	25	21.9	19.8	33	23	9.9	5	25	13	3	10	420
VIR0627	8	39	14	28	16	1	3	5	5	3	9	3	7	7	7	2	2	56	18	25	16.2	68	44	12.8	5	25	12	3	1	310
VIR0628	8	39	16	24	17	3	5	5	5	7	7	3	7	7	5	2	1	50	13	29.4	27.3	101	81	17.1	7	20	8	5	1	220
VIR0632	9	38	13	29	17	1	3	3	5	3	5	9	5	7	5	1	1	45	16	26	35.4	82	69	15	7	20	10	5	1	275
VIR0633	8	39	13	27	15	1	3	5	5	3	5	5	7	7	5	2	2	56	27	6.3	15.1	35	18	9.8	5	25	13	5	1	420
VIR0634	8	39	14	28	17	1	3	3	5	3	7	9	7	7	5	2	2	55	17	33.6	24.2	70	43	13.7	5	23	12	5	1	385
VIR0635	8	39	16	26	17	3	5	5	5	7	5	9	7	7	7	2	2	53	26	10.1	7.9	21	20	4	7	25	11	3	11	220
VIR0638	8	39	16	25	15	3	5	5	5	7	7	9	7	7	7	2	2	53	25	5.2	16	48	55	10.4	7	21	10	3	11	225
VIR0641	9	38	14	27	16	1	3	3	5	3	5	9	7	7	5	2	2	46	19	20.4	30.3	74	40	15.6	7	22	12	5	1	340
VIR0642	8	39	16	22	12	3	5	5	5	7	7	9	7	7	5	1	2	48	24	7.2	8.7	27	25	4.5	7	22	10	3	10	230
VIR0643	8	39	14	26	14	1	3	5	5	3	9	9	5	7	5	2	1	56	26	12.5	14.3	43	24	8	7	26	12	5	1	405
VIR0644	8	40	14	25	15	2	3	5	5	3	7	9	5	7	7	2	2	50	19	14.6	18.9	70	42.5	7.1	7	21	10	5	1	155
VIR0647	9	38	8	21	15	1	3	3	5	3	5	9	5	7	7	1	1	50	21	24.1	2.7	12	5	0.8	7	21	10	5	1	200
VIR0668	8	39	14	24	10	3	5	5	5	7	5	7	5	7	5	2	1	50	21	5.2	6	19	24	4	7	24	12	5	10	195
VIR0669	8	39	14	26	18	1	3	3	5	3	5	7	5	7	5	2	1	60	21	25.9	21.2	47	31	10.8	5	25	13	3	1	335
VIR0670	8	39	14	24	12	3	5	5	5	7	3	9	5	7	5	1	1	45	29	6.8	1.5	4	4.5	0.45	7	22	11	3	10	380
VIR0676	8	39	14	28	17	1	3	5	5	3	3	9	5	7	7	2	1	55	26	18.9	5.7	12	4	2.3	3	40	9	5	1	400
VE0113_0687	7	36	19	25	9	3	5	3	5	7	7	7	5	5	5	1	2	60	20	23.5	28.9	86	127	17.6	7	20	8	3	10	185
VE0114_0688	7	36	19	28	17	3	5	3	5	7	7	7	5	5	5	1	2	58	20	17.2	20.9	52	71	12.3	7	20	9	3	10	170
VE0115_0689	7	40	15	26	13	3	5	3	5	7	9	5	5	5	5	1	2	60	27	23.7	16.6	49	57	11.1	7	22	10	3	11	195
VE0116_0690	7	34	20	26	11	3	5	3	5	7	5	9	3	7	7	1	2	51	25	6.5	13.7	38	39	6.7	7	18	9	3	10	150
VIR0691	8	34	19	27	14	3	5	3	5	7	5	9	5	7	5	2	1	45	18	6.6	5.8	34	35	2.9	7	19	7	3	10	105
VE0117_0692	7	35	21	28	19	3	5	3	5	7	5	9	5	7	7	2	2	55	20	11	27.3	80	95	11.8	7	17	9	3	14	125
VE0118_0693	7	36	20	28	19	3	7	3	3	7	5	9	3	7	7	1	2	56	20	14.5	15.3	54	77	11.2	7	19	8	3	10	135
VE0119_0694	7	33	22	27	18	3	5	3	3	7	5	7	3	5	5	1	2	53	20	10.4	11.3	44	63	8	7	19	8	3	10	135
VE0120_0695	7	40	15	27	18	3	7	3	5	7	5	7	3	5	5	1	2	73	30	19.4	12.4	30	43	6.6	7	25	11	3	10	175
VIR0704	7	40	14	27	13	3	5	5	5	7	7	9	5	7	5	1	1	53	19	13.4	10.2	53	44	6.2	7	20	10	3	11	180
VE0121_0726	8	36	18	25	11	3	7	3	5	7	5	9	5	7	7	1	2	51	17	7.9	30.3	66	131	20.6	7	20	9	3	14	165
VE0122_0727	7	36	18	30	19	3	7	3	5	7	5	9	5	7	7	1	2	55	19	10.6	14.6	54	68	9.3	7	18	8	3	11	190
VE0123_0728	8	33	20	28	14	3	7	3	5	7	7	7	5	5	5	1	2	45	13	8	28.3	103	147	17.1	7	19	8	3	11	140
VE0124_0729	8	34	18	29	14	3	7	3	5	7	5	9	5	5	5	1	2	45	13	11	25.4	103	119	14.4	7	18	8	3	11	120
VE0125_0730	7	34	20	28	14	3	7	3	5	7	5	5	3	1	5	1	1	50	27	4.5	6.1	21	35	3.5	7	20	8	3	13	140
VE0126_0731	7	35	20	27	14	3	7	3	5	7	5	9	5	5	5	1	1	45	21	8.6	12.6	48	51	6.5	7	17	8	3	12	160
VE0128_0733	7	40	16	28	19	3	5	3	5	7	7	7	5	1	5	1	1	60	19	14.6	14.2	56	55	8.2	7	19	10	3	14	155
VE0129_0734	7	35	20	25	13	3	5	3	5	7	5	9	3	7	7	2	1	50	22	8.5	11	77	75	11.3	7	20	8	3	12	150
VIR0735	8	34	19	27	13	3	5	5	3	7	7	7	5	7	7	2	1	45	17	4.3	7.6	36	49	4.9	7	20	8	3	12	155
VIR0736	7	35	19	27	13	3	7	5	3	7	9	9	5	7	7	2	1	55	18	6.6	15.8	83	100	10.9	7	19	9	3	10	145
VIR0737	8	34	18	27	15	3	5	3	3	7	7	7	3	7	5	2	1	45	17	3.8	13.1	67	64	8.3	7	18	9	3	13	150
VIR0738	8	39	16	25	18	3	3	5	5	3	5	7	3	7	5	2	2	60	27	11.7	12	38	22	5.3	7	25	11	3	11	225
VIR0742	7	35	19	27	13	3	7	5	5	7	9	7	3	7	5	2	2	50	19	5	11.7	47	56	7.7	7	18	8	3	10	170
VE0131_0744	8	35	18	26	14	3	5	5	3	7	7	9	3	7	7	1	1	50	13	8.3	28.5	111	148	19.2	7	18	7	3	10	125
VE0132_0745	8	32	21	22	14	3	5	5	5	7	5	9	3	7	7	2	2	55	22	9	9.3	41	40	6.3	7	19	10	3	12	190
VE0133_0746	8	47	10	25	18	3	5	5	3	7	5	9	3	7	7	1	1	50	19	18.1	22.3	101	87	10	7	18	9	3	11	150
VE0134_0747	7	34	20	24	12	3	7	5	3	7	5	7	5	7	5	1	1	40	17	4.6	4.9	30	29	3.9	7	17	7	3	10	110
VE0135_0748	7	34	19	26	13	3	7	5	5	7	5	5	3	5	5	1	1	50	25	7.5	14.4	47	62	7.9	7	20	10	3	12	140
VE0136_0749	7	36	18	25	13	3	7	5	5	7	7	7	5	5	5	1	2	53	27	6.1	12.7	49	55	8.8	7	20	10	3	10	170
VE0137_0754	7	39	22	21	15	3	5	5	5	7	7	7	5	5	5	2	2	55	27	8.7	9.3	38	54	9.3	7	20	8	3	10	170
VE0139_0756	7	36	18	26	13	3	5	5	5	7	7	9	5	7	7	1	1	56	26	9.4	14.9	60	69	10.2	7	18	8	3	13	165
VE0140_0757	7	33	21	23	13	3	7	5	5	7	5	9	5	7	7	1	1	56	25	3.6	6.8	26	28	3.5	7	19	9	3	13	110
VE0141_0758	7	37	17	23	12	3	7	5	5	7	5	7	5	7	7	1	1	66	39	10.8	13.2	52	62	9.1	7	20	10	3	13	175
VE0142_0760	7	38	16	22	12	3	7	5	5	7	5	7	5	7	7	1	1	60	32	7	4	29	30	4.4	7	20	9	3	10	160
VE0143_0761	7	36	18	17	16	3	7	5	5	7	9	7	5	7	7	1	1	50	27	6.2	7.2	37	31	5.7	7	19	9	3	10	190
VE0144_0762	8	37	18	26	13	3	5	3	3	7	5	7	5	7	7	2	2	50	20	8.4	12.8	56	76	9.4	7	20	8	3	10	150
VE0145_0763	8	35	18	22	12	3	5	5	3	7	9	9	5	7	7	1	2	53	23	9.8	17.7	82	51	12.1	7	19	8	3	10	140
VE0146_0764	8	33	19	26	13	3	5	3	5	7	7	9	3	7	5	1	2	60	23	9.6	19	78	98	13.2	7	20	10	3	10	140
VIR0765	8	35	17	26	13	3	7	5	5	7	9	9	3	7	5	2	2	55	17	5.7	11.7	55	49	7.3	7	18	8	3	11	145
VE0147_0766	7	36	17	22	7	3	5	3	3	7	5	3	3	1	5	2	1	55	29	7.1	8.2	46	42	4.6	7	18	8	3	10	155
VE0148_0767	7	36	17	22	7	3	5	5	5	7	7	3	3	1	5	1	1	56	27	9.7	23.5	92	116	14.7	7	20	9	3	10	155
VE0149_0768	8	33	19	22	7	3	7	3	5	7	5	9	7	7	7	2	1	48	20	8.7	15.8	71	118	12.5	7	19	8	3	14	145
VE0150_0769	7	35	19	20	7	3	7	3	3	7	7	9	3	7	5	1	2	40	20	6.9	4.8	27	28	3.6	7	18	8	3	10	150
VE0151_0771	7	35	19	22	10	3	7	3	3	7	7	9	5	7	5	1	2	53	21	17.6	7.1	124	170	29.6	7	19	9	3	10	190
VE0152_0772	7	33	21	22	10	3	7	3	5	7	7	9	3	7	5	2	1	46	20	6.8	13.9	55	65	9	7	17	9	3	13	175
VIR0773	8	39	21	21	11	3	7	7	3	3	7	9	5	1	5	1	1	40	21	4.3	4.6	38	30	2.7	7	15	6	3	10	115
VIR0774	8	39	14	28	17	1	3	3	7	3	9	9	5	1	5	2	1	60	27	10.4	9.9	26	15	4.7	7	25	12	5	1	415
VIR0776	8	40	12	30	19	1	3	3	5	3	9	9	5	1	5	2	1	63	27	19.7	10.4	23	17	7.4	5	26	15	5	1	415
VIR0787	8	43	24	11	16	3	5	5	5	7	9	9	5	1	5	2	2	56	30	9.3	2	10	11	3	7	20	11	7	12	290
VT0039_0793	8	39	14	27	15	3	3	5	5	3	9	7	7	7	7	1	2	52	20	45.6	82.3	167	176	46.8	7	22	10	3	11	250
VIR0794	8	42	21	19	20	1	3	3	5	3	9	9	5	7	7	2	2	60	30	13.8	12.6	21	16	7.8	5	24	13	3	1	445
VIR0795	8	41	22	16	17	3	3	5	3	7	9	9	3	1	5	1	2	53	26	8.7	10.8	36	28	7	7	22	11	3	11	225
VIR0796	8	39	21	22	12	3	3	5	3	3	3	9	3	7	5	1	1	50	25	10.7	10.3	43	39	6.7	7	20	9	3	11	220
VIR0797	8	37	23	22	14	1	3	5	3	3	3	9	3	1	5	2	2	50	22	8.4	6.6	37	27	3.7	7	16	6	5	1	160
VIR0798	8	43	24	14	13	1	3	5	5	3	9	9	3	1	5	2	2	53	33	17.6	19.3	50	32	11.3	7	27	10	5	1	400
VIR0799	8	39	28	16	15	1	3	3	5	3	3	9	3	1	5	2	2	50	20	7.2	8.3	25	22	6	5	25	12	5	1	150
VIR0802	8	39	28	19	14	3	3	3	3	3	3	9	3	1	5	1	1	55	21	16.1	26	71	59	16.3	7	24	10	7	12	205
VIR0804	9	47	19	20	16	1	3	3	5	3	3	9	3	1	5	2	1	60	19	32	43.4	59	34	11.9	7	27	12	5	1	330
VIR0807	8	38	17	25	14	1	3	5	3	3	3	9	3	1	5	2	2	45	21	8	14.8	54	40	9.3	7	20	8	5	1	190
VIR0810	8	35	20	18	10	1	3	3	5	3	5	7	3	1	5	2	1	45	27	3.5	3.4	15	14	1.9	7	20	10	5	2	135
VIR0813	8	37	18	5	37	1	3	5	5	3	3	9	5	7	5	1	2	55	22	8.9	9.5	47	43	5.7	7	20	9	3	1	95
VIR0815	8	38	22	22	16	1	3	5	5	3	5	9	5	7	5	2	1	63	26	9.3	10	28	14	2.4	7	19	10	3	1	125
VIR0816	8	36	24	22	16	1	3	5	5	3	5	9	5	7	5	2	1	53	20	9.1	15.6	68	56	6.7	7	20	10	3	1	140
VIR0833	8	41	20	22	17	3	3	3	3	7	5	9	5	7	7	2	1	50	26	12	9	46	35	5.2	7	22	10	3	14	150
VIR0850	8	39	16	27	12	1	3	3	5	3	5	9	3	7	7	2	2	50	22	13	12.4	36	17	6.4	7	26	11	5	1	190
VIR0851	8	39	21	22	15	3	5	5	5	7	5	9	3	7	5	2	2	53	20	12.9	25.7	97	94	15.9	7	22	8	3	10	190
VIR0853	8	39	21	21	14	1	3	3	5	3	3	9	3	7	5	2	2	56	26	9.6	15.4	44	28	8.7	7	22	10	5	1	190
VIR0855	8	40	29	14	17	1	3	3	5	3	5	9	3	7	5	2	1	50	30	14	12.3	28	10	3.2	5	25	13	5	1	280
VT0040_0856	9	38	16	24	12	3	5	5	5	7	5	9	7	1	5	2	2	50	20	23.8	18.4	69	49	12.2	7	22	12	3	11	305
VT0041_0857	8	39	14	28	15	1	3	7	5	3	9	5	7	1	5	1	2	60	30	28.3	32	55	44	20.5	5	30	13	5	1	350
VIR0860	8	39	22	23	14	2	3	5	5	3	7	9	3	7	5	2	1	50	24	13.3	13	31	24	4.4	7	23	10	3	11	220
VIR0862	8	39	21	21	18	1	3	5	5	3	3	9	3	7	5	2	1	55	30	9.1	5.4	16	4	0.8	5	27	13	3	1	240
VT0044_0863	8	39	14	30	18	1	3	5	5	3	5	7	3	7	7	1	2	60	21	26.7	26.1	107	80	10.5	7	20	12	5	1	160
VT0045_0865	8	39	27	17	19	3	3	5	3	7	3	7	3	7	7	1	1	55	25	26.5	21	76	48	13.5	5	23	13	5	1	265
VT0046_0866	8	37	16	29	14	1	3	5	5	3	3	9	3	7	5	2	1	55	22	25.8	15.8	58	25	6.1	5	24	13	5	1	230
VT0047_0868	8	37	16	29	14	1	3	3	5	3	3	9	3	7	5	2	1	50	17	27.2	21.8	85	92	12.3	5	23	13	5	1	210
VT0048_0871	8	39	13	30	16	1	3	3	7	3	3	9	3	1	5	2	1	56	20	24.2	10.1	21	14	3	5	30	15	3	10	265
VT0049_0872	8	39	14	28	16	3	3	5	5	3	3	3	5	7	5	2	2	57	23	20.1	23.4	69	57	11	7	20	9	3	11	215
VT0050_0874	8	39	39	9	16	2	3	3	5	3	3	3	5	7	7	1	1	55	17	30.6	21.3	49	44	6.5	5	25	13	3	11	180
VIR0876	8	40	15	25	12	2	3	3	3	3	3	9	3	1	5	1	1	43	30	2.5	2.1	12	8	1.3	7	20	11	3	11	165
VIR0880	8	39	16	25	16	3	3	3	3	3	3	9	5	7	7	1	1	50	26	5.5	2.3	12	8	1.2	7	22	12	3	10	200
VIR0881	8	39	21	21	17	2	3	5	5	3	5	9	5	7	7	2	1	60	22	13	8	28	14	4	7	25	12	5	10	280
VT0051_0882	8	39	13	28	15	1	3	5	5	3	3	7	5	1	5	2	1	50	23	12.1	15.2	33	17	3.5	5	25	13	7	4	225
VT0052_0883	8	39	14	29	16	1	3	3	5	3	5	3	5	7	5	1	2	53	22	24.7	24	69	56	11.3	7	20	10	5	1	245
VIR0884	8	40	15	25	14	1	3	3	7	3	5	7	5	1	5	2	1	46	21	11.8	4.1	16	6	1.1	7	24	12	5	1	220
VIR0885	9	41	31	9	16	3	5	5	3	7	3	9	5	7	5	1	1	47	22	7.9	9.9	43	30	6.2	7	23	10	3	10	220
VE0153_0890	7	34	20	23	8	3	7	3	5	7	9	3	3	1	5	2	1	54	23	6.5	13.5	53	75	9.4	7	19	9	3	13	140
VT0053_0896	8	39	40	3	19	2	5	3	5	7	5	3	5	3	7	1	2	70	25	15.2	17.9	40	24	3.8	7	22	12	3	10	240
VT0054_0897	8	35	40	6	8	2	3	5	5	3	3	3	5	7	5	2	1	50	30	7	1.8	9	9	0.9	7	21	11	3	10	190
VIR0900	8	41	14	21	12	3	5	5	3	7	3	9	5	1	5	1	1	40	17	5.9	4.1	40	27	2.9	7	18	8	3	10	125
VIR0905	8	39	22	20	10	1	3	3	5	3	7	5	7	7	7	2	2	60	25	16.3	21.4	58	47	11.6	7	21	10	5	1	245
VIR0906	8	37	18	21	14	3	5	5	3	7	9	9	3	7	7	2	2	60	23	10.5	12.3	74	99	12.4	7	20	10	3	14	165
VIR0914	8	39	21	20	11	2	3	5	3	3	9	5	3	1	5	2	2	56	21	12.2	18.3	62	47	11.3	7	21	10	3	10	215
VIR0915	7	40	30	15	16	2	3	3	5	3	9	7	5	7	5	2	2	60	20	13.4	24.1	66	48	14.5	7	20	10	3	10	255
VIR0917	7	40	30	15	11	3	7	3	5	7	7	9	5	7	7	2	2	50	17	12	19	75	48	11.5	7	20	10	3	10	255
VIR0918	8	39	28	17	18	1	3	3	7	3	7	9	5	7	7	2	2	60	22	11.1	24.6	51	12	6.4	5	26	13	5	1	390
VIR0919	7	40	16	24	13	2	3	5	5	3	9	9	5	7	7	2	2	50	17	14.2	12	46	44	12	7	24	11	3	10	295
VIR0920	8	37	23	18	14	1	3	5	5	3	7	9	5	7	7	2	2	46	19	6	19.3	50	38	11.1	7	22	11	5	1	275
VIR0923	8	39	21	19	13	3	7	5	3	7	5	9	5	7	7	1	1	40	19	3.8	7.2	44	36	4.1	7	16	8	3	10	135
VIR0929	8	39	22	17	13	3	7	5	3	7	5	9	5	7	7	1	1	40	20	4.1	5.2	37	46	5.3	7	20	10	3	10	150
VIR0930	8	37	23	18	11	3	7	5	3	7	5	5	5	1	5	1	1	44	17	6.4	21.4	79	102	14.3	7	20	10	3	11	145
VIR0931	8	36	19	23	14	2	7	5	5	7	7	9	3	7	7	2	1	45	19	5.4	6.6	34	44	6.4	7	19	8	3	10	160
VIR0932	8	36	19	21	14	3	7	5	3	7	5	5	5	1	5	2	1	50	18	4.3	5.5	26	35	3.8	7	19	10	3	10	160
VIR0933	8	35	25	17	15	3	7	5	3	7	5	5	5	1	5	2	1	45	21	7	15.5	58	84	11.7	7	20	10	3	10	170
VIR0934	8	38	29	11	12	3	7	5	3	7	7	9	5	7	5	2	1	38	18	3.7	7.8	41	56	5.8	7	19	9	3	10	115
VIR0935	7	36	20	22	18	3	7	5	5	7	7	9	5	7	5	2	1	50	16	9	15	57	72	10.1	7	20	9	3	10	245
VIR0936	8	35	20	20	13	3	7	5	5	7	7	5	5	1	5	2	2	47	21	5.9	9	41	55	7.8	7	20	10	3	10	145
VIR0940	8	39	28	13	14	2	3	3	5	3	9	5	5	1	5	2	2	60	23	15.3	20	65	52	13.4	7	20	10	3	11	240
VIR0941	7	40	16	19	13	1	3	5	5	3	5	5	5	1	5	2	2	45	18	4.8	8	39	39	5.4	7	19	9	3	10	145
VIR0943	8	40	20	15	18	3	7	3	3	7	3	9	5	1	5	2	1	45	20	3.8	3.1	26	25	3.2	7	17	9	3	10	125
VIR0944	8	37	18	18	11	3	7	3	3	7	3	9	5	1	5	2	1	40	21	2.6	4.1	22	27	2.1	7	20	9	3	10	105
VIR0945	8	40	15	25	14	3	7	5	3	7	5	7	5	1	5	2	1	52	23	13.3	15.2	39	51	10.5	7	22	13	3	10	250
VIR0947	8	39	14	23	14	3	7	5	3	7	5	7	5	1	5	1	1	45	21	5	6.1	33	40	5	7	19	8	3	10	170
VIR0957	8	34	19	22	12	3	7	3	3	7	7	9	5	7	7	2	1	53	26	3.5	9.2	42	56	6.4	7	19	8	3	14	135
VIR0958	8	39	21	21	15	3	7	3	3	7	5	9	5	7	7	1	1	46	17	9.8	17.4	48	98	5.2	7	17	8	3	10	130
VIR0960	8	36	19	23	17	3	7	3	3	7	5	9	5	7	5	2	1	60	21	9	14.3	82	58	8.7	7	20	9	3	10	150
VIR0961	8	36	15	28	14	3	7	3	3	7	7	9	5	7	5	1	1	50	21	8.9	20.4	55	49	13.6	7	22	10	3	10	215
VIR0962	8	39	30	12	13	3	7	3	3	7	9	9	5	7	5	2	2	50	21	5.4	13.4	53	50	10	7	21	10	3	10	215
VIR0963	8	39	21	21	15	2	3	3	5	3	5	9	5	7	5	2	1	60	27	10.8	21.9	53	62	14.9	7	26	11	3	11	205
VIR0965	8	39	16	21	16	3	7	5	3	7	3	9	5	1	5	1	1	32	18	2.3	4	30	17	1.7	7	17	8	3	11	205
VIR0967	7	39	31	10	17	1	3	3	5	3	7	9	5	7	5	2	2	52	22	14.7	15.7	42	44	7.6	7	23	10	5	1	195
VIR0973	8	39	21	22	15	3	7	5	3	7	5	9	5	1	5	2	1	43	16	6.2	11.4	62	64	6.6	7	19	9	3	10	140
VIR0983	8	39	21	22	15	3	7	3	3	7	7	9	3	7	5	2	1	45	17	6.8	17.3	84	105	13	7	20	9	3	10	145
VIR0985	8	40	13	29	16	1	3	3	7	3	9	9	5	7	7	2	2	70	21	31.3	36.4	70	48	21	5	26	12	5	1	410
VIR0990	8	35	25	19	15	3	7	5	3	7	5	9	5	1	5	2	2	50	18	5.3	7.7	45	35	3.7	7	20	8	3	10	90
VIR0991	8	36	19	23	18	3	7	3	3	7	5	9	5	1	5	2	2	40	22	3.6	6.9	31	23	2.7	7	20	9	3	10	160
VIR0992	8	38	17	23	18	3	7	5	3	3	3	9	5	1	5	2	2	40	17	4.2	8.9	42	48	4.8	7	20	9	3	10	110
VIR0994	8	39	22	21	16	3	7	5	3	7	3	9	5	1	5	1	1	40	18	4.2	8.3	44	36	5.1	7	17	8	3	10	140
VIR0999	8	39	21	22	16	3	7	5	3	7	3	9	5	1	5	1	1	36	14	5	5.4	40	35	3.75	7	18	9	3	10	140
VIR1001	8	39	16	23	18	3	7	3	3	7	7	9	5	1	5	2	1	54	18	8.4	11	41	33	6.6	7	19	8	3	10	175
VIR1002	8	39	16	23	18	3	7	3	3	7	3	9	5	1	5	2	1	42	27	3.4	1.4	7	3	0.2	7	18	8	3	10	210
VIR1003	8	39	16	23	18	3	7	3	3	7	3	9	5	1	5	2	1	40	22	3	2.3	8	11	1.1	7	16	8	3	10	120
VIR1005	8	39	16	23	18	3	7	5	3	7	5	7	5	7	5	2	1	40	18	4.1	8.7	57	66	5.7	7	17	7	3	10	105
VIR1007	8	39	21	21	18	3	7	5	3	7	3	9	5	1	5	1	1	32	17	3.2	2.2	19	20	1.7	7	15	8	3	10	120
VIR1008	8	39	21	21	14	3	7	7	5	7	9	7	5	1	5	2	1	70	37	6.8	12.5	38	48	6.6	7	20	10	3	10	155
VIR1009	8	39	16	23	18	3	7	5	3	7	5	7	5	1	5	1	1	40	25	1.9	2.6	19	15	1.2	7	19	8	3	10	170
VIR1010	8	39	21	17	10	3	7	5	3	7	7	7	5	1	5	1	2	40	23	2.9	3.5	29	30	2.6	7	19	9	3	10	100
VIR1011	8	40	15	23	18	3	7	5	3	7	5	7	5	1	5	2	1	34	20	2.5	5.3	28	24	3.7	7	17	7	3	10	140
VIR1012	8	39	22	19	15	3	7	7	5	7	9	7	5	1	5	2	1	55	26	9.1	12.2	48	69	10.5	7	21	7	3	10	160
VIR1013	8	39	21	18	15	3	7	7	3	7	7	7	5	1	5	2	1	50	26	6.3	7	40	50	6	7	21	8	3	10	140
VIR1014	8	36	19	23	17	3	7	5	3	7	5	7	5	1	5	1	1	40	23	3.2	1.7	12	8	0.6	7	18	9	3	10	130
VIR1016	8	35	20	23	17	3	7	5	3	7	3	7	5	1	5	1	1	40	22	3.7	6.5	40	52	4.5	7	19	9	3	10	115
VIR1019	9	40	19	21	17	3	7	3	3	7	3	7	5	1	5	2	2	37	20	2.6	3.9	23	23	6	7	17	7	3	10	140
VE0154_1029	7	36	17	25	10	3	7	3	5	7	7	9	5	7	7	1	1	50	20	5.9	9.2	40	43	5	7	18	9	3	13	140
VIR1032	8	35	20	23	17	3	7	5	3	7	5	5	5	1	5	2	1	30	20	2.8	3.9	23	22	1.8	7	17	10	3	10	135
VIR1033	8	37	23	21	17	3	7	5	3	7	3	7	5	1	5	1	2	45	21	7.8	15.1	76	85	9.4	7	20	9	3	10	135
VIR1039	8	39	16	23	16	3	7	5	3	7	3	7	5	1	5	2	1	42	16	2.7	4.8	25	30	3.1	7	20	9	3	10	140
VIR1171	9	59	13	7	6	1	3	3	5	3	9	9	3	7	7	2	1	60	26	65.7	25	60	54	12.2	7	25	13	5	1	220
VIR1179	8	37	36	8	16	1	3	3	7	3	7	9	3	7	7	2	2	58	21	17.1	31.8	54	44	14.9	7	25	12	5	1	355
VE0155_1210	8	33	20	23	7	3	7	3	5	7	7	9	3	7	5	1	1	53	22	4.8	10.7	36	47	5.7	7	20	10	3	10	165
VE0156_1211	8	33	19	24	8	3	7	5	5	7	9	9	3	7	5	2	1	48	24	4.1	9	32	41	4.7	7	18	8	3	13	140
VIR1214	8	37	23	19	19	2	3	7	5	3	5	7	5	1	5	1	2	60	22	16	23.6	72	82	16	7	20	11	3	11	210
VIR1230	13	44	44	5	7	1	3	3	5	3	7	7	5	1	5	1	1	58	31	18.2	23.3	59	60	16.8	7	21	11	5	1	255
VIR1243	8	44	16	20	16	3	7	7	5	7	9	5	5	1	5	2	2	65	30	42	67.3	54	55	18	7	23	11	3	10	305
VIR1252	8	39	34	8	14	1	3	5	5	3	7	7	5	1	5	1	2	65	29	14.2	14.3	42	45	8.6	7	20	9	5	1	230
VIR1286	8	45	36	8	9	1	3	5	5	3	9	5	5	1	5	1	2	70	26	50.6	30.3	70	68	20.7	7	24	12	3	1	330
VE0157_1404	8	34	19	24	11	3	7	5	5	7	9	5	3	1	5	2	1	55	25	16.4	29.2	94	102	16.1	7	20	10	3	10	165
VE0158_1405	7	34	20	23	11	3	7	5	5	7	9	3	3	1	5	2	1	50	22	5.5	7.2	49	52	5.6	7	19	9	3	10	135
VE0159_1406	8	35	18	23	11	3	7	3	3	7	7	9	3	7	7	1	1	60	20	10.9	35.1	137	168	20	7	22	10	3	10	150
VE0161_1411	7	34	19	23	10	3	7	5	3	7	7	7	3	7	7	1	1	55	20	11	13.8	70	58	5.9	7	21	10	3	13	150
VE0162_1412	7	35	19	23	11	3	5	5	3	7	9	9	5	7	7	1	1	53	21	7.4	19.1	88	96	12.1	7	20	8	3	10	160
VE0163_1413	8	33	20	23	8	3	7	5	3	7	7	9	3	7	7	1	2	55	19	6.9	16.2	68	80	11.7	7	20	9	3	10	180
VE0164_1417	8	39	14	24	12	3	3	5	5	3	9	7	5	5	5	2	2	65	25	22.9	17.9	54	78	17.5	5	25	13	3	10	345
VE0165_1423	8	34	19	23	7	3	7	5	5	7	9	7	5	5	5	1	2	50	23	9.6	13.8	48	52	8.5	7	19	8	3	10	175
VIR1481	8	46	38	3	11	1	3	7	7	3	9	9	5	7	7	2	1	77	30	74.6	29.7	64	44	19.4	5	25	14	5	1	370
VT0055_1558	8	39	14	28	15	1	3	3	7	3	3	3	5	1	5	2	1	63	27	27.3	14.4	47	35	10.9	5	25	13	5	1	300
VE0167_1583	8	34	19	24	11	3	7	3	5	7	5	5	3	5	5	2	2	53	25	6.8	6	25	36	4.9	7	18	9	3	10	160
VE0168_1584	7	34	20	22	12	3	7	3	5	7	9	5	3	5	5	2	2	56	25	5.6	8.7	39	53	6.1	7	18	9	3	11	135
VE0169_1586	8	36	18	23	11	3	7	5	5	7	9	9	5	7	5	1	2	60	21	11	25.8	119	124	17.7	7	20	9	3	11	150
VE0170_2178	9	23	16	19	10	3	7	3	3	7	9	5	5	5	5	1	1	50	18	3.7	13.3	50	56	8.2	7	17	8	3	10	170
VIR2296	9	39	27	1	14	1	3	5	5	3	9	9	5	1	5	1	2	66	27	30.9	42.3	64	53	19.5	5	25	14	5	1	355
VT0056_2340	8	46	10	26	17	1	3	3	5	3	9	3	3	1	5	1	1	75	25	87.6	39.6	77	69	23	7	24	12	3	1	330
VT0057_2341	8	42	10	29	15	1	3	3	5	3	7	5	5	1	5	1	2	75	20	42.2	66.2	113	112	34.9	7	25	11	3	1	310
VT0058_2374	8	39	13	27	12	1	3	3	5	3	3	7	3	7	5	1	1	62	26	34.1	11.4	22	13	3	5	25	14	3	1	270
VT0059_2394	9	38	13	30	15	1	3	3	5	3	3	7	3	1	7	2	1	63	24	34.4	19.4	54	28	8.9	7	23	10	3	1	305
VT0060_2399	9	38	13	30	16	1	3	3	5	3	3	7	7	1	7	2	1	70	25	21.4	34.7	33	17	6.7	5	26	15	3	1	300
VT0061_2412	8	40	12	30	18	1	3	3	5	3	5	7	7	1	5	1	2	71	35	76.2	54	79	75	27.6	7	24	12	3	1	280
VT0062_2413	8	39	13	30	16	1	3	5	5	3	3	7	7	1	5	1	1	55	26	34	9	20	18	4	5	25	14	3	1	340
VT0063_2438	8	36	16	30	17	1	3	7	5	3	5	9	3	1	5	1	2	70	30	45.1	18	60	42	11.3	7	21	11	3	1	280
VT0065_2493	8	37	16	29	17	1	3	3	7	3	5	5	5	1	5	2	1	67	24	69	34.1	72	56	26.2	5	25	12	3	1	380
VE0172_3036	8	39	21	20	11	1	3	5	5	3	7	9	5	7	5	1	2	50	23	13.9	9.2	98	103	19.2	7	22	11	3	1	180
VT0066_3055	8	38	15	29	18	1	3	3	5	3	3	5	5	1	5	2	1	65	30	31.6	22.1	40	27	8.5	7	22	11	3	1	290
VT0068_3083	8	38	16	28	16	1	3	7	5	3	7	5	5	1	5	1	2	90	40	95.3	32.2	79	55	23.7	5	24	13	7	1	380
VT0071_3200	9	37	14	27	16	1	3	3	5	3	5	9	7	7	7	1	1	60	21	28.2	14.8	43	24	5.4	7	24	12	5	1	245
VT0072_3264	8	39	13	27	16	1	3	3	5	3	3	9	7	7	7	1	1	61	27	29	8.3	37	17	5.5	7	22	10	3	1	350
VT0073_3271	8	39	13	31	16	1	3	3	7	3	5	5	7	7	5	2	1	70	20	74.9	40.2	95	48	15.1	5	24	14	3	1	315
VT0075_3273	8	39	14	29	18	1	3	3	7	3	5	9	5	7	5	1	2	65	26	50.3	16.9	39	30	12.6	7	22	13	3	1	390
VT0076_3274	8	39	14	30	17	1	3	3	5	3	5	7	5	7	5	1	2	52	25	38.6	26.1	21	19	5.5	5	25	14	3	1	365
VT0077_3275	8	39	14	30	17	1	3	3	7	3	5	9	5	7	5	2	1	73	28	46.2	16.2	51	48	15.1	7	21	10	3	1	310
VT0078_3293	8	38	15	28	19	1	3	3	7	3	3	9	5	7	5	1	1	70	23	46.1	43	42	29	8	5	26	13	3	1	395
VT0081_3298	8	39	14	29	16	1	3	3	7	3	5	9	5	7	5	1	1	55	23	23.4	26.8	60	58	17.6	5	25	13	3	1	350
VT0083_3428	8	39	14	28	12	1	3	5	5	3	5	7	3	7	5	1	2	52	22	11.1	9.1	29	19	7.5	7	22	12	3	1	255
VT0084_3438	8	39	14	29	7	1	3	3	5	3	5	7	5	7	5	2	1	62	26	32.5	5.7	18	8	6.1	5	23	13	3	1	340
VT0085_3439	8	40	13	28	13	1	3	7	7	3	9	5	5	1	5	1	2	75	43	29.1	24.3	40	37	14.5	7	27	14	3	1	360
VE0173_3461	8	39	21	20	11	1	3	3	5	3	7	9	5	7	5	2	2	53	23	13	20.5	57	67	11.1	7	25	11	5	1	215
VT0088_3462	8	39	14	29	18	1	3	3	5	3	7	9	7	7	7	2	1	57	27	23.8	29.3	39	37	9.1	7	24	12	3	1	205
VT0089_3473	8	39	14	29	18	1	3	3	5	3	7	9	7	7	7	2	1	60	20	35.3	27	58	46	18	5	26	13	3	1	345
VT0091_3516	8	39	14	29	15	1	3	5	5	3	5	9	7	7	7	2	1	62	25	25.6	11	42	26	6.5	7	21	10	3	1	275
VT0092_3517	8	39	14	29	16	1	3	3	5	3	7	9	7	7	7	2	1	60	20	36.3	37.7	88	46	20.7	7	26	12	3	1	385
VT0094_3519	8	39	14	27	14	1	3	1	5	3	5	9	7	7	7	2	1	53	22	21.5	32.9	65	55	22.5	7	22	12	3	1	300
VT0096_3521	9	38	14	30	19	1	3	3	5	3	5	9	7	7	5	2	2	60	20	35.2	29.4	71	42	16.2	7	22	12	3	1	320
VT0098_3529	8	35	19	28	18	1	3	3	5	3	5	9	7	7	5	2	2	61	29	33.3	25.1	52	46	15.9	7	21	11	3	1	355
VT0099_3530	8	38	15	29	18	1	3	3	5	3	5	9	7	7	5	1	2	60	19	30	25.5	62	59	15.1	7	22	11	3	1	245
VT0100_3563	8	47	6	29	19	1	3	3	5	3	7	9	5	7	5	1	2	60	27	64.8	39.4	82	63	32.7	5	25	12	3	1	400
VT0101_3570	8	39	14	29	17	1	3	3	5	3	5	9	5	7	5	1	2	60	17	37.4	25	79	56	18.4	7	24	11	3	1	460
VT0102_3571	8	39	14	27	15	1	3	1	5	3	5	9	5	7	5	2	1	60	17	30.9	94.9	115	86	46.4	5	27	14	3	1	440
VT0103_3572	8	39	14	27	17	1	3	1	5	3	5	9	7	7	7	1	1	51	20	41.7	75.7	111	70	36.2	5	25	12	3	1	465
VE0174_3587	8	39	24	16	12	1	3	7	5	3	9	9	5	7	5	2	2	70	27	40.1	24.7	112	104	29.5	7	20	10	3	1	275
VT0104_3593	9	38	14	27	16	1	3	1	5	3	7	9	7	7	5	1	2	56	20	17.2	13.9	43	29	6.6	7	22	11	3	1	395
VT0105_3594	8	39	14	28	14	1	3	1	5	3	5	9	7	7	5	1	2	57	25	11.7	20.6	36	38	12.6	7	24	12	3	1	390
VT0106_3595	8	39	14	30	14	1	3	1	7	3	5	9	5	7	5	1	2	60	20	13.8	21.4	42	37	16.1	7	22	11	3	1	410
VT0108_3597	8	39	13	31	16	1	3	3	7	3	7	9	7	1	7	2	2	70	23	44.5	51.5	67	56	23	7	25	13	3	1	335
VT0109_3598	8	39	14	28	9	1	3	3	7	3	5	9	5	7	7	2	2	66	23	38.5	37.2	77	50	18.4	7	22	12	3	1	280
VIR455a	8	39	13	28	15	3	3	5	5	3	3	9	5	7	7	2	1	45	26	10.4	2.8	10	8	2.2	7	20	10	3	10	240
VIR455b	8	42	11	27	15	2	3	5	5	3	3	9	5	7	7	1	1	40.5	20.5	19.95	9.25	27	21.5	4.15	7	20	10	3	10	210