All variables: ['HSP90B1', 'KRAS', 'YWHAE', 'AKT1', 'FOXO3', 'PIK3CD', 'RHEB', 'TSC1', 'TSC2']
Observable variables: ['AKT1', 'FOXO3', 'PIK3CD', 'RHEB', 'TSC1', 'TSC2', 'HSP90B1', 'KRAS', 'YWHAE']
Structural part: ['HSP90B1', 'KRAS', 'YWHAE', 'AKT1', 'FOXO3', 'PIK3CD', 'RHEB', 'TSC1', 'TSC2']
Measurement part: ['HSP90B1', 'KRAS', 'YWHAE', 'AKT1', 'FOXO3', 'PIK3CD', 'RHEB', 'TSC1', 'TSC2']
Latent varaibles: []
Endogenous variables: ['AKT1', 'FOXO3', 'PIK3CD', 'RHEB', 'TSC1', 'TSC2']
Exogenous variables: ['HSP90B1', 'KRAS', 'YWHAE']
Beta
Shape: (9, 9)
         HSP90B1   KRAS  YWHAE   AKT1  FOXO3  PIK3CD  RHEB   TSC1   TSC2
HSP90B1    0.000  0.000  0.000  0.000    0.0   0.000   0.0  0.000  0.000
KRAS       0.000  0.000  0.000  0.000    0.0   0.000   0.0  0.000  0.000
YWHAE      0.000  0.000  0.000  0.000    0.0   0.000   0.0  0.000  0.000
AKT1      -0.158  0.000  0.000  0.000    0.0   1.284   0.0  0.000  0.000
FOXO3      0.000  0.000 -0.149  0.301    0.0   0.000   0.0  0.000  0.000
PIK3CD     0.000 -0.533  0.000  0.000    0.0   0.000   0.0  0.000  0.000
RHEB       0.000  0.000  0.000  0.000    0.0   0.000   0.0 -0.278  0.179
TSC1       0.000  0.000  0.000 -0.371    0.0   0.000   0.0  0.000  0.000
TSC2       0.000  0.000  0.000  0.171    0.0   0.000   0.0  0.000  0.000
Lambda
Shape: (9, 9)
         HSP90B1  KRAS  YWHAE  AKT1  FOXO3  PIK3CD  RHEB  TSC1  TSC2
HSP90B1      1.0   0.0    0.0   0.0    0.0     0.0   0.0   0.0   0.0
KRAS         0.0   1.0    0.0   0.0    0.0     0.0   0.0   0.0   0.0
YWHAE        0.0   0.0    1.0   0.0    0.0     0.0   0.0   0.0   0.0
AKT1         0.0   0.0    0.0   1.0    0.0     0.0   0.0   0.0   0.0
FOXO3        0.0   0.0    0.0   0.0    1.0     0.0   0.0   0.0   0.0
PIK3CD       0.0   0.0    0.0   0.0    0.0     1.0   0.0   0.0   0.0
RHEB         0.0   0.0    0.0   0.0    0.0     0.0   1.0   0.0   0.0
TSC1         0.0   0.0    0.0   0.0    0.0     0.0   0.0   1.0   0.0
TSC2         0.0   0.0    0.0   0.0    0.0     0.0   0.0   0.0   1.0
Psi
Shape: (9, 9)
         HSP90B1   KRAS  YWHAE   AKT1  FOXO3  PIK3CD   RHEB   TSC1   TSC2
HSP90B1    0.772  0.177 -0.189  0.000  0.000   0.000  0.000  0.000  0.000
KRAS       0.177  0.431 -0.544  0.000  0.000   0.000  0.000  0.000  0.000
YWHAE     -0.189 -0.544  1.522  0.000  0.000   0.000  0.000  0.000  0.000
AKT1       0.000  0.000  0.000  0.203  0.000   0.000  0.000  0.000  0.000
FOXO3      0.000  0.000  0.000  0.000  0.288   0.000  0.035  0.000  0.000
PIK3CD     0.000  0.000  0.000  0.000  0.000   0.277  0.000  0.000  0.000
RHEB       0.000  0.000  0.000  0.000  0.035   0.000  0.097  0.000  0.000
TSC1       0.000  0.000  0.000  0.000  0.000   0.000  0.000  0.217  0.000
TSC2       0.000  0.000  0.000  0.000  0.000   0.000  0.000  0.000  0.083
Theta
Shape: (9, 9)
         HSP90B1  KRAS  YWHAE  AKT1  FOXO3  PIK3CD  RHEB  TSC1  TSC2
HSP90B1      0.0   0.0    0.0   0.0    0.0     0.0   0.0   0.0   0.0
KRAS         0.0   0.0    0.0   0.0    0.0     0.0   0.0   0.0   0.0
YWHAE        0.0   0.0    0.0   0.0    0.0     0.0   0.0   0.0   0.0
AKT1         0.0   0.0    0.0   0.0    0.0     0.0   0.0   0.0   0.0
FOXO3        0.0   0.0    0.0   0.0    0.0     0.0   0.0   0.0   0.0
PIK3CD       0.0   0.0    0.0   0.0    0.0     0.0   0.0   0.0   0.0
RHEB         0.0   0.0    0.0   0.0    0.0     0.0   0.0   0.0   0.0
TSC1         0.0   0.0    0.0   0.0    0.0     0.0   0.0   0.0   0.0
TSC2         0.0   0.0    0.0   0.0    0.0     0.0   0.0   0.0   0.0
Empirical covariance matrix:
Shape: (9, 9)
         HSP90B1   KRAS  YWHAE   AKT1  FOXO3  PIK3CD   RHEB   TSC1   TSC2
HSP90B1    0.203 -0.064  0.038 -0.059  0.016  -0.019 -0.007  0.019 -0.022
KRAS      -0.064  0.362 -0.035 -0.213 -0.198  -0.196 -0.121  0.144 -0.040
YWHAE      0.038 -0.035  0.114  0.126  0.014   0.071 -0.001 -0.036  0.027
AKT1      -0.059 -0.213  0.126  0.757  0.216   0.398  0.108 -0.289  0.130
FOXO3      0.016 -0.198  0.014  0.216  0.203   0.178  0.085 -0.104  0.053
PIK3CD    -0.019 -0.196  0.071  0.398  0.178   0.290  0.093 -0.153  0.083
RHEB      -0.007 -0.121 -0.001  0.108  0.085   0.093  0.063 -0.064  0.023
TSC1       0.019  0.144 -0.036 -0.289 -0.104  -0.153 -0.064  0.198 -0.035
TSC2      -0.022 -0.040  0.027  0.130  0.053   0.083  0.023 -0.035  0.045
Model-implied covariance matrix:
Shape: (9, 9)
         HSP90B1   KRAS  YWHAE   AKT1  FOXO3  PIK3CD   RHEB   TSC1   TSC2
HSP90B1    0.772  0.177 -0.189 -0.243 -0.045  -0.094 -0.032  0.090 -0.042
KRAS       0.177  0.431 -0.544 -0.323 -0.016  -0.230 -0.043  0.120 -0.055
YWHAE     -0.189 -0.544  1.522  0.402 -0.105   0.290  0.054 -0.149  0.069
AKT1      -0.243 -0.323  0.402  0.919  0.217   0.527  0.123 -0.341  0.157
FOXO3     -0.045 -0.016 -0.105  0.217  0.369   0.116  0.064 -0.080  0.037
PIK3CD    -0.094 -0.230  0.290  0.527  0.116   0.399  0.070 -0.195  0.090
RHEB      -0.032 -0.043  0.054  0.123  0.064   0.070  0.133 -0.106  0.036
TSC1       0.090  0.120 -0.149 -0.341 -0.080  -0.195 -0.106  0.344 -0.058
TSC2      -0.042 -0.055  0.069  0.157  0.037   0.090  0.036 -0.058  0.109
Euclidian difference between them: 1.92873718876
