,x1,x2,x3,x4,y1,y2,y3,y4,y5,y6,y7,y8,y9,h1,h2
1,2.86663793907268,2.27202780980524,13.8865034052008,18.7230375779457,1.57364796943709,8.73990429942134,2.79829869900928,13.7261569772468,15.8420400637874,143.772212429244,26.956638498243,11.9158104804584,83.6217601656682,0.202800997765735,0.541644090320915
2,2.73898915431229,1.7825846575778,17.1593847045856,22.1246162762198,1.15859652074848,10.8802616387116,3.68092923014036,14.7724639394513,20.1152595853421,179.101585467706,33.5574820847217,13.2812371227948,103.067164865723,0.246110036736354,0.573847426800057
3,4.04888224502094,2.62415758189466,20.8932025580151,28.7586626214567,2.20627067156794,11.6344099260992,4.55380617110991,19.5368723571243,25.8308182846004,227.507075510147,42.6789190171321,16.9170411742343,128.16743615833,0.676649390719831,0.894941602135077
4,2.93319168915972,2.25742267734278,18.3521253574994,24.2081602112071,1.47114071843499,10.5596025054978,4.5585744453543,17.2223575085725,22.0238922364831,190.08075146732,34.3842782780138,16.007381664655,103.893174806054,0.735005561262369,0.514319708338007
5,5.08476723155007,2.94194187268429,21.8874847719123,29.7476234824568,2.41447096525749,20.6951823448339,5.72608459359453,23.6039114152142,25.9500538606135,235.83325214132,43.3094052518993,17.1923153978322,133.982297993554,0.50102801900357,0.376365461852401
6,3.56491891733604,1.94782919637859,18.4721312938251,23.7200060544014,3.86093265618123,16.8840433549859,3.0117514600186,17.2177940993885,22.2779325280737,193.889269396915,35.6848258590818,14.6196218906838,112.278502543695,0.168424452422187,0.371909419773147
7,3.91170983070973,2.25404380225483,18.7754295316954,26.4741761269935,1.44625593067642,11.6393541545711,4.52910917955829,18.9545089249028,23.4853576222504,203.417295414604,37.5916818547452,14.33073326571,114.604773572949,0.940855820197612,0.062441996531561
8,3.64775537468726,2.0912221664181,18.351186062336,25.3375398799668,3.53788368990471,13.4327318624785,5.14610877342712,17.3304961227597,22.0272027125995,194.785914278021,36.4015214617355,12.1071115769596,110.844440465452,0.810752893565223,0.58269501151517
9,3.77424944957253,2.84618847389799,18.843811256029,24.471036399335,1.22974115161659,13.6517117108386,4.26983901882201,16.0278766116002,21.978096632953,194.207416361279,35.3727242144623,15.0488364327923,109.862789297096,0.434914529789239,0.654004368698224
10,1.59413113178685,1.30312892487831,11.5050603299353,14.5349186725669,0.477557776927024,7.29409425746567,2.54743121888965,11.4678299087669,14.7339913327569,123.801001034581,24.3276742964242,10.3730948568642,67.54080304901,0.0668244999833405,0.420569723471999
11,4.64266507876339,2.50429774402361,23.9001866807992,31.7377415551555,4.13529945525341,19.5145692799503,3.81313817406871,23.1625580054693,29.7582467740808,250.537014666217,47.4284894319847,18.9421501286151,143.774358854653,0.498956278664991,0.321332981809974
12,4.38895724281436,2.52112101625465,19.6676171161608,25.8522846633784,3.63023999131334,16.390962100218,3.39440415434694,18.6033922842444,25.6415675210957,215.080703587735,39.10785384842,15.0021585083941,121.085426480271,0.331026006257161,0.848394782515243
13,2.00042907835217,1.56916908314358,12.3201545440898,16.3012911720988,0.539243929582795,7.79005291650765,1.61949332055145,10.4109706711809,15.0190597235142,135.92877697156,25.7785690336472,9.83040725229002,77.7271690841511,0.0631425257306546,0.752279089763761
14,5.40683731709607,2.75526818900555,23.1609692612222,30.3118534175057,3.55094664096289,19.7683543596543,5.68177509896795,24.3069707077065,28.410131503887,242.436739215104,44.3435670436584,16.5253333203919,133.247502770303,0.738190758042037,0.165746284648776
15,4.43051830126671,3.03534902865253,23.4828643634042,30.8021272955858,4.80203594739898,15.9514755972853,6.28993904605498,22.3615019609832,27.9438437222676,247.231506865583,43.8944659859168,16.9787860639787,136.896781537354,0.774997847387567,0.874107457464561
16,5.86570169827901,3.59519947079942,25.6932742739435,32.7809628154372,4.75410926691605,18.5445324428214,5.20611998423572,25.548439939512,32.5421995524292,277.951630218995,50.603074284477,19.3829551540037,148.450925242263,0.490193406585604,0.702663963194937
17,2.62711957536405,1.90764157957118,14.4866915777916,19.0670063197903,2.99747409931061,10.224170792936,2.06360427415784,16.0300172896545,16.6892132342205,151.495205620748,29.2873612941771,10.952178400973,85.3175596541547,0.555331473937258,0.125237940344959
18,3.0746237212955,1.66436506879702,14.8623660347542,20.4383752108181,1.24326585331035,10.4436453425518,4.37054275380337,14.0864354050127,17.8823196191294,158.733034479745,28.980006622469,12.6740572389399,90.9439228769888,0.521326684160158,0.0969785337802023
19,5.29641479656333,2.6698501382526,26.5986138324686,36.5779083761766,3.525200434915,18.4131328505385,5.4760426077166,26.4817344014248,34.0051960159014,285.748243641563,53.6828180548723,20.9841876369163,163.539920697066,0.996813483769074,0.154159522848204
20,5.68414546127897,3.24996562366374,26.1686671487268,34.3622253086952,3.96474551476273,21.4198061000699,5.614455591331,24.9103999854605,31.7059576294561,280.476517138103,50.5740639194606,21.7791158650585,154.473417028347,0.662906114012003,0.414747183676809
21,3.94124286992708,2.78954320619162,19.8914106429612,25.4983229933515,2.00376244009844,13.5895881554961,5.12156992695341,19.2789798534298,24.2500608945615,214.769628717386,38.8356732818441,17.448762765691,120.35728028613,0.261374230263755,0.673039887100458
22,1.21912927797763,1.8529898609044,9.53794135323085,13.1884141016405,0.890316857899432,4.86918792914259,1.66616329557486,9.47171768003549,9.98733727824841,95.4041095753135,16.525129568213,7.37274424204327,57.1798448655877,0.187168490840122,0.715531723108143
23,4.51272115299245,3.23926879333518,22.5895964775643,29.2089254678857,3.2791017046878,18.3912462063511,4.89005580642895,21.3327492611577,27.464441863421,240.23984876856,44.3852553144822,16.7868555652914,135.574165761501,0.545610498869792,0.54629654600285
24,3.78480153325247,1.8564809192596,17.1301290178607,22.844051420937,3.27104053428769,14.6938237541861,4.70764367518956,15.6513332668156,20.1132861475218,175.254040191586,32.1074355534681,15.8061479415919,102.721214694011,0.523995903553441,0.299573058728129
25,3.18697141254321,2.12172070852574,17.1400254342593,22.2611440589889,2.48595521255268,11.8725968450063,2.63170763062137,17.8693126202402,20.4278221354359,186.094391978847,35.014313024083,12.9131546595038,103.945245016755,0.373029006179422,0.238849939079955
26,1.33007925732294,1.5054070000574,9.5204028429319,14.1985909577612,1.23193943966372,4.1752641687745,2.3024478845408,9.41003688931762,12.1592425081405,101.590124391229,18.497248194042,7.03080518871191,58.3996889536399,0.438737024785951,0.229957883944735
27,6.71934686265653,3.40447724262159,28.7325194586777,36.9014306411019,4.38463242146714,23.6208834641034,5.68520927557163,28.2156967958522,35.3453493778159,311.277905360327,56.438379113436,20.7314247790109,168.174761655041,0.81488593085669,0.606666743289679
28,4.14783976225182,2.7195149213234,20.3225392767853,26.3588784318794,3.4744219984763,15.3495732614875,5.14362688450788,17.4433101044655,22.8404533355929,211.329743607825,37.5338280431472,15.5404844615935,122.221884668648,0.23115275753662,0.932258281623945
29,2.37282967409119,1.62233472880442,14.1486846559312,19.7590079764765,1.04009303211703,7.06746174879794,3.0977744544058,12.2699506588137,16.5565386951688,151.028777714059,27.0154037082484,10.2930871155371,89.23588118202,0.171898067928851,0.71214462001808
30,3.38842684057076,2.34933163818345,18.0712450083584,24.5875736003004,1.87051888682005,9.41796273754364,2.91083628446001,19.0102725206517,22.9525742478641,194.242374818352,35.9322151589215,14.6621373105278,112.360210832917,0.302548657171428,0.339969838038087
31,5.94588863492245,2.98031556789298,28.3442388709419,38.0742232154935,5.35423584395016,26.1576505869655,6.60912107302997,29.0950384932146,35.6893377170243,304.535865178309,56.6024916435781,21.3551967220446,172.011439927283,0.885641070781276,0.36759825469926
32,3.72209010327002,2.3499489501873,19.6227152365788,24.3787137027113,3.62187428730558,14.6600856941217,3.7153330940954,18.8863261548671,25.1813806335638,213.14334987643,39.4273470691768,13.5542059404664,116.638823161183,0.101953439181671,0.738012344110757
33,2.11310404687189,2.23769793083053,12.721620059673,17.4184087653924,-0.0167822982188242,4.42640462585102,3.21396239725262,11.2294552736986,16.1051039557779,138.530700852278,26.1256663212597,9.57657005761496,80.2313459246417,0.240227457135916,0.518689298769459
34,4.46046325309901,2.72034210360795,20.8769236896577,26.8221594806995,3.27087509908096,17.7484559296582,5.05894647910474,20.7173127236547,24.2828414558616,217.515679797642,38.9039475642737,16.940452379208,127.14630724358,0.263031008420512,0.305192053550854
35,4.27767377150245,2.92032674290799,22.1621746831059,28.5803338667878,4.35103218714216,12.414431143974,4.70125784490154,22.3066564946502,26.2571213551033,235.95773781004,44.7779651165108,18.0285872663207,130.23371909938,0.326505832374096,0.618015076499432
36,4.70703562312759,3.41294510824978,23.2835268892099,30.8662576187942,3.3086459683098,18.8754170342508,5.19944541585131,20.7152963622596,28.2513027436626,252.377976050924,44.7010399851039,19.6193225947115,144.331322026875,0.198686671908945,0.906475570518523
37,2.50913010298507,2.42711967867613,13.9920602047888,19.0013267631124,0.309001533419929,7.14714988531358,2.33167607267264,13.3779356902022,16.2701081371936,145.371496893984,25.1357226835209,8.90793136580533,86.3786515790431,0.303575657540932,0.90720851928927
38,5.58444081469206,3.34028055260889,29.5128705359731,38.5477279840046,3.52888908723054,22.2053349818167,5.79974105719658,29.5037497311555,34.882735183539,313.357028206431,58.5772222196782,21.9558656357106,177.871932598828,0.548712603049353,0.994643793208525
39,5.19861894707428,2.38467635575682,22.5024392641518,30.7536638680869,2.91717421005431,18.2962876378467,3.66194479720514,22.7139821118911,29.9553418689058,243.842112939605,44.9835947176008,18.585939013833,140.6547975781,0.764314475236461,0.0950716396328062
40,5.66396342716878,3.41903118728008,25.6237993279269,32.809517737747,3.08096189639176,22.4259457568373,5.43804199514792,24.744381534522,31.109815082186,269.724639288015,50.0150181378933,18.9409182250963,150.456203245986,0.56254931516014,0.655271119438112
41,5.0058085273602,3.5130122973863,25.7251136235945,33.9277978578971,3.62027826789653,18.8176397272973,6.41710979479222,23.2177351021772,31.6155908581028,269.902173749435,49.8514941245801,20.6742557568123,153.084461488958,0.800351592479274,0.700709478231147
42,2.75465713395737,1.6824098359365,15.0468156692185,19.8165844371265,1.27379895816592,7.62775095461253,2.46989481837073,15.5189679779003,16.1901412839242,159.967148364763,28.9537845457945,10.1100278411035,90.0085312056408,0.518585529178381,0.464068334549665
43,4.64454042756697,2.25849869559519,19.7906659875449,27.2136273279734,2.58367123293967,15.8301268200453,4.83245386494543,20.511060216317,23.7830977643844,213.182602996419,39.2755576030805,13.8840603974279,121.553457088501,0.835521939443424,0.263596679782495
44,3.51295799762243,2.75966314720083,21.9552574236366,28.6524293900553,2.50883587398289,13.2380773872099,4.46773392844494,19.6056703408425,26.0750615923024,229.810488808145,42.3620968029237,15.1585181833383,129.011923492273,0.726644335547462,0.810189709533006
45,3.17773929009214,2.64500853341632,20.2636771920602,26.8472341917734,0.402908292722846,10.1962087294443,3.85129818919059,18.5521463974697,25.1156102227876,209.00886256494,37.17103963994,15.1491403200541,120.256285226741,0.777189466636628,0.685014265589416
46,3.1742234408576,2.06242772766203,16.3878060431426,21.0892306841878,2.50090706363363,11.7146517291226,1.53104618900088,17.1939804207721,18.6357732369703,172.802728496035,31.3535932971585,12.6129886700278,94.9817086702964,0.236602848395705,0.0553078898228705
47,2.67989655046025,2.06189237552602,15.5497357008138,18.9536299180767,1.5788957366551,9.17719257379159,3.36800440198451,14.3250539071107,18.9210140016345,160.765438041916,29.0770499684907,10.690269262302,89.0328939998905,0.000278522027656436,0.533469441812485
48,5.63853129001334,3.74913755690958,26.8509098752169,34.7977661366295,4.92441665182754,21.3231204339963,5.81922748235605,25.597466589521,32.0197189367425,288.364158489133,54.4174529287972,17.7792514473268,155.790044817829,0.754224449861795,0.950113011291251
49,4.50222811526852,2.32645911059435,21.8940956398673,29.9393389137861,1.96074568881258,16.8899328340503,3.5971390489685,21.0340930760221,26.5674002634138,229.422275402946,44.027183419464,15.5458991759509,129.792628566427,0.823695724131539,0.306055970024318
50,1.87781202283222,1.55882117430214,11.5350914584316,16.6751758420838,0.502626775378473,7.78125387680195,4.4972468007507,10.6621457974391,14.7885744448725,119.307950998209,20.4011991704471,8.06185489340331,70.1828666989133,0.56391753256321,0.39221529266797
51,6.06878906495403,3.81060508664697,27.2083077282958,35.1651307979229,3.05203089661863,23.941727553362,6.83635554070356,25.9034946522625,33.0515892575876,285.294980804776,51.67936222669,21.4629747747578,161.184805218169,0.638509376440197,0.961970472708344
52,1.13424281387823,1.79894522967096,9.19203248293974,12.7432222687395,1.1970993926081,3.54689255573688,0.394876784627848,7.08959182540551,11.6174268805316,95.9709583765876,15.6815915867943,6.25271796191447,55.4450651486762,0.268749080365524,0.968658541794866
53,7.05628991682781,3.86663755873405,30.4217550877328,41.4967307324942,5.13538931471373,25.4701747840101,8.20708173006491,33.8135455577209,37.3639673810292,328.228372770315,61.581860918045,22.3254072366661,186.796892753979,0.984044279670343,0.104720586212352
54,1.35424562279601,2.24228355981503,8.32738296855606,10.285230579986,0.709152394269832,3.13023724430397,0.915898402103223,6.21686676484064,10.0419397045907,83.62663081426,13.2183535316675,8.57561688910629,46.1548327641873,0.0726130469702184,0.789200813742355
55,3.14558466386283,2.05822658628132,15.4327597350963,19.1715396439697,1.83175410905687,13.9157149388071,4.01905985827713,16.358870367079,17.4584479490596,164.2286525125,31.3687266558265,11.9436078956006,91.7443856215108,0.184252523584291,0.156751189846545
56,0.52134211020777,0.726845280115493,4.86386627197959,7.14789202395447,1.74236083152869,2.93498546875036,0.798224336299602,4.05830381009552,5.88478600812275,46.9779623966416,8.47797621379728,3.25757468734867,32.3223469755516,0.123083626152948,0.388409437146038
57,5.1800259830663,2.89350222718902,23.1732767268796,29.370996572619,3.1968556003106,17.3951245658634,4.54964164092261,22.7405083803001,29.9668315655566,249.735958754514,47.8752892645497,16.0146287543225,137.949106979841,0.254091708920896,0.599816232454032
58,2.89228560479358,2.14989357081056,16.4824062807647,22.1920615972307,2.6424000826413,9.77968397507301,4.40971024248187,18.2766940213864,20.6973037550748,176.176207786346,31.8380817392205,13.3060925682713,103.548180749106,0.398205482866615,0.228168332949281
59,2.77654577214504,1.92022705638874,15.6218193750433,19.3933634192441,-0.219121148023219,9.78989329366926,2.46189481993796,14.4855679742218,16.8011065281521,162.663080985106,30.5694720500471,11.1077807897378,86.8410058092963,0.355237125651911,0.852094518020749
60,4.29207901781192,2.40815775595605,21.8525609614562,29.3165906366103,2.91743505396693,16.4849796064261,4.15776709842228,20.7201146751406,27.887467356035,231.520621364012,43.3957104126036,16.3980439112952,135.006798551754,0.415608553448692,0.471669723978266
61,1.49638416140573,1.3651054761596,10.9792362391528,13.8744590560355,-0.0493607637846654,4.71276591208063,1.95822460179994,9.69862431024237,13.0918393180841,108.457491105098,19.5475537677978,8.69218113813043,62.7826194167653,0.0737049903254956,0.194464445812628
62,5.60521408171626,3.38227443097159,26.8907857566714,36.7310683274352,4.71679425987362,18.2755371209418,5.27999062245646,25.6533333447844,35.0358633612588,291.824777377935,52.5463859203559,20.2764176927509,164.818556704947,0.942660310538486,0.941733524901792
63,4.40255137317348,1.93203911911603,21.9825546327186,29.4743400698228,3.26743142379124,16.7905009775071,6.12810274300144,22.2287514460355,27.8549744803576,238.443057462675,44.5229100896375,16.4110854126706,135.167912871052,0.392965736798942,0.157058091135696
64,1.83350180664565,1.74309735006653,11.9343543644533,15.7474346027341,0.875534601297525,4.35614129838364,0.713475058710017,10.777990100764,14.6025808394451,123.832274487325,23.0584054246921,10.3750426494734,72.6051079257441,0.308722541667521,0.672851478215307
65,2.21420450225938,1.55905143151619,13.017163595876,18.0090170320038,1.34550282191011,8.58618619861438,3.10684076465084,12.4893917966253,14.7909941136807,134.495485104483,26.0416345756848,10.7615311502862,79.3442256122923,0.599125680048019,0.619846881367266
66,5.00525794479065,2.29517715304811,25.1587214909988,33.9730797692702,3.79060815533041,16.2884584061089,5.75403129513026,27.2917234170588,30.4491631457364,268.549047037281,50.3116072042101,18.530814151973,149.997385879315,0.895229613874108,0.177050504134968
67,4.18006830574013,2.86806611872278,20.5207716923099,26.247657566188,6.67220329105799,16.0300427164714,3.60749506756886,18.5546373664468,23.8531773505512,215.477237534131,38.535981229154,15.3336221051593,117.902959580104,0.576568613760173,0.761959579773247
68,1.58184548530495,1.58668144624308,13.5150204294841,17.4320459081296,2.29023214208419,5.57028797612617,2.88170187747223,10.9793918383596,15.9463979146782,138.21802170518,25.7509090185182,10.4238190412858,78.1185210384371,0.29893579822965,0.648453850066289
69,0.928187583640684,1.33515288972203,6.29852695395656,7.66611244570499,-1.02576133894735,4.28722418189524,2.10827535967152,5.21686171902803,7.39453097488961,64.0233621617691,12.4887239613741,4.67194001229716,34.2469126520285,0.0893814566079527,0.533286603167653
70,6.58540245631943,3.77546161873173,33.0238297217429,42.4089641637566,4.66462467468279,26.0051801446834,5.32982460459082,32.7344686737031,41.2434767430667,352.164763321658,65.4280129956387,24.5164739136884,191.766100573106,0.930962523678318,0.962090351618826
71,2.78889996227575,2.14477067953348,12.7131784721059,18.0196826500788,2.36946292636695,10.6473136127077,1.86790820014353,12.8461093975989,13.9755394876328,136.070247914682,24.2295919688256,11.101762047055,81.9981979395738,0.248714595334604,0.456254656659439
72,4.36870669051306,2.39826316484902,20.4809707232805,25.4760625353754,0.713915694357675,17.4649638635698,3.63429018045232,20.9792893603759,26.1118267677555,219.279381544645,39.8227598118982,14.215290353895,124.723935192702,0.0758466587867588,0.322971838526428
73,2.36030266550835,1.95531482994743,14.5677183619013,18.7313174958913,1.61924742574769,10.6877136427131,2.42438992672103,12.0126834225695,16.0302216789683,152.716871255159,30.697620704595,11.9026416171314,90.1632866245343,0.0391056723892689,0.723152942489833
74,3.74556363000767,2.47830240379274,19.9979031118645,27.7123580742957,2.61034027539526,15.2622630826448,4.53395072372673,21.0017875308998,25.6018123031727,214.397051682428,39.4225115639061,15.7983678753615,120.178809784943,0.761318041244522,0.468315976904705
75,2.93963562188204,2.41900004648045,15.9058719293603,20.6439340083767,4.29728929266493,9.00157947562765,2.45525627958037,15.4028346093792,19.9857005983135,165.134703981683,29.8443762698073,12.9272986572111,96.1788722126448,0.121277030091733,0.354633744806051
76,4.23838157128077,2.60460849309992,22.0681283172792,28.5334628004988,3.78918374520055,16.2639628250455,3.95884213293354,21.3796275931788,27.1248189658555,239.402141254706,42.6199979225766,16.5591429106621,131.881563111049,0.557061751373112,0.390483895083889
77,5.45452771368437,3.32956533424091,27.8445008336984,36.8721709835378,2.56880246478275,18.9760844116438,5.24389247292635,28.5528211017704,31.6799228967371,295.627494386174,55.0576305042023,21.0311161775997,162.128933556485,0.970316908787936,0.583472314057872
78,1.67546066349139,1.99970431965124,11.6824218255451,14.847385104385,1.15261392869472,4.81561619734142,1.49726129659567,10.1551800989345,16.433866747517,126.154310617806,24.7313087528413,7.57397059380977,70.3553198820724,0.00949741830118001,0.986174888908863
79,4.6434768423182,2.9724296795195,20.0375601883874,25.8616049665507,3.71727547246808,17.1262418288616,4.22862030772447,19.0852825616137,25.6059337170974,208.301750091805,38.41715156662,14.1509168449691,119.206963323456,0.237265632720664,0.168052201159298
80,3.10138237247709,1.85781988568418,15.5105329899715,20.1587133221207,1.54414704291808,12.3122194504443,3.0292159316527,14.6726107086503,17.6193450791913,159.75224746805,29.6111377644919,11.689408330259,91.2366008283416,0.289671424776316,0.454575552139431
81,1.48084871195955,0.935960528807715,9.59124154790051,12.3631613584754,1.27511720913938,2.68483728875706,1.28775738656858,10.9507568006872,10.2811349612223,101.488559046838,17.1783179220417,5.69449257745177,56.3990612150867,0.218695761403069,0.121484721777961
82,4.67651931053959,3.48451771860756,20.9692668998079,26.9251024656287,1.87793378364635,18.1253292527507,3.97386726838002,20.7867484304523,24.6961701491523,226.25775598275,41.4687114895372,16.4163108533335,134.41831337715,0.0555010386742651,0.813861280679703
83,4.44387231298722,3.13137648765743,24.0837413533596,32.2466533945414,1.63267285820829,16.890407688326,5.14761700264255,23.3591006487678,29.172863881926,252.746653910265,45.7982488045465,18.7080054081795,144.735518372137,0.886413461063057,0.513381955213845
84,6.46806503235828,3.45733356700558,30.7536974866097,39.3350203322898,2.5499670438971,25.2338564248834,5.19521368016377,31.3846844759134,38.0742693047731,325.248310876951,58.8910974187202,21.8829138876175,179.091800624076,0.771827268414199,0.29107708320953
85,3.74973926308332,2.3081663546823,18.1157170739105,24.0055598869784,3.79698644729662,13.4156243245522,5.29293508223057,16.9310727284689,21.0716928850473,189.599214613261,33.8844019832671,14.4180909510412,104.929280904033,0.58072900143452,0.238511611940339
86,1.66238282063045,1.3836299391035,10.5702068370865,14.3234835391143,1.57941120884705,5.66099143139645,1.37773376406738,9.25155787113095,11.456120524764,111.889895736259,21.2460503519831,9.43275209149961,66.2323062657748,0.219750264193863,0.433259829878807
87,5.35858799540438,3.13133179338183,26.1317144709136,33.1171596785031,3.82039058759397,19.1163977447489,4.47282010791274,25.1586437007298,31.5995127458909,282.054200382239,52.1550940325974,21.8249350224854,157.118439649648,0.386168125551194,0.972560515394434
88,4.04426094753202,2.94428766063787,19.196487053882,25.2782472009801,2.10390740547392,13.9144337435893,3.46023779562297,18.865190934385,24.7789882420563,198.978411095425,36.7133644687623,15.0345268919028,110.234583300858,0.818491451907903,0.606979979202151
89,3.02531930773286,2.41305047079641,18.1688823780017,22.7594408783516,2.00796180578556,9.21345934946941,2.65382282778388,17.2611773289434,21.9847619255669,194.928406172171,35.1968534529033,14.562522710733,108.99655738511,0.00168371689505875,0.784835240337998
90,4.04702741283225,1.7358415914122,17.3463732625754,22.8265408592914,1.33474069248431,11.7390173861329,2.89942056735931,18.7138859424522,22.8527927363147,182.69517028996,33.6877570953094,12.7792703435979,104.077779372103,0.453029300784692,0.0631628755945712
91,1.66860696217977,1.50915547550563,9.54155524283022,11.7575591120682,1.8275625852805,3.51383119196915,1.84435802839947,7.24945656307251,9.67151327091993,102.938004429748,20.1446489203472,7.53735709597356,55.0388613426384,0.0433856593444943,0.789126621326432
92,4.55179816907505,3.05954690563213,24.3471923792335,33.886548359686,3.73244011551492,17.2708763004004,4.88241564678211,26.6927794652999,30.0545449553638,264.17172395726,49.4476952156964,19.8713901324626,151.053788080235,0.97662926861085,0.30099578294903
93,3.21660528433276,2.53597674035467,18.4085007484436,23.8401511373111,1.15027589287349,10.2323053259922,3.09723911176302,16.8140490072433,21.2261779406264,195.393117919266,34.9305894262782,14.3897046144152,109.982697099436,0.282247740542516,0.597649945179
94,2.94583695689449,1.32688922090083,16.7952349346797,20.3315883377109,3.98151103802806,11.8798770245679,2.64879732699718,17.6306910615527,20.9871476811768,173.024495790476,32.857979969489,11.5791505987568,95.414078243549,0.21461194078438,0.0222894211765379
95,2.16381145185558,1.51851289599948,10.1434277397563,13.6717522766933,2.6357773491624,7.04808668841194,1.64548916881034,8.56892238094092,12.8176493923373,105.856850380097,19.7013585482594,7.57628967013217,59.9333276325597,0.034040643600747,0.0656118087936193
96,6.40829822720494,3.66121239160281,28.7017106037702,37.0416997169003,3.98393827602171,26.1360764631206,4.54652041894118,28.6248765626729,35.9048866676081,303.948274131412,54.3492352613189,21.3925338975871,167.611948297651,0.873167289420962,0.413732561049983
97,3.76860681835096,1.6596657736972,15.6573736401793,19.8200281696364,3.26442160820663,14.8276250625993,0.932896822962372,17.8172426218938,19.7897790872424,163.275062915119,29.9852455594396,12.9190022682934,92.889371744111,0.00404182821512222,0.122443782631308
98,6.22893184341257,3.6343761139987,27.428451696769,34.4445808338808,5.31951822582458,22.0330923108677,6.26078968960964,27.6126650511118,34.1347286433621,294.838474015753,54.7820431837585,19.7042095529891,160.369002710048,0.649240303086117,0.943657049443573
99,2.80717126076575,2.62009988552984,14.911200044972,20.1512596819834,1.62609568117725,9.73039482162492,2.32603595594564,13.972736081775,18.689512127604,154.857122413868,29.1055622159365,11.0125357493022,88.8673115463511,0.426722846925259,0.699865140719339
100,4.70252656339901,3.03860545557644,21.9334058729629,26.926513813069,3.60820515799161,15.7542696893944,3.53837914121574,21.143084313572,27.2754346522144,230.674081909753,42.9549008440362,16.3599954226037,129.442801743892,0.140752661740407,0.736637621186674
101,3.48597170820925,2.39439324918576,20.6024352160864,28.0234825405897,1.38215404926897,11.0686861462536,2.34910682854786,17.8845378184257,26.5650164381853,213.339587858412,40.3769801607824,16.1687810494762,122.313595848354,0.88675595773384,0.833313103299588
102,2.03259760644054,1.79020656960458,11.4765169795939,15.4112779471355,1.28380912073651,5.50666324476448,1.27764481940963,12.1160040231157,14.0566532208861,125.099420211521,21.7925872457605,10.8584133895638,72.7088882567319,0.233559224987403,0.256762771634385
103,1.72171929610893,0.860846490127035,10.0194798477592,14.1536685971236,2.12870033047689,7.73921665748642,1.7613215743886,11.0128314176638,11.23717245899,106.875104991086,20.3735973967906,8.27443432069828,63.5760712948985,0.324118869844824,0.0811899590771645
104,1.34189586695982,0.860045069710352,10.0342916468268,12.6074132218669,-0.0183104501234384,2.80708305099654,2.39875877540152,8.45329222222531,10.8068233973563,100.384261003709,17.6235017022171,6.57133302342949,60.0897236186192,0.139579749898985,0.249109745025635
105,2.7591125054867,2.23466392602306,14.6694082886256,18.257578228666,2.62668033183288,9.04698501980367,2.94510852774611,15.0205817101316,18.1538021694527,151.487749381907,26.9723701414435,11.1321087276995,86.0458867865901,0.040356827666983,0.209248645696789
106,3.47584223821061,2.53861613850296,20.5548989509764,27.6020040886322,2.10329212460822,14.9205630201524,2.74918093762064,18.7580961390412,25.9356462075135,220.591913179936,40.3392085996045,15.6981119870701,125.782099582666,0.634574678028002,0.811087113572285
107,3.65074009374715,3.17837669941038,20.7343490310945,26.3823224171718,2.80765414785653,12.0094232378977,5.58549229105293,18.7306106426862,26.9042903894264,225.865893826482,40.9139480381075,16.0308789408535,125.73374591395,0.195012404117733,0.888377388939261
108,3.7516442105826,2.31473204276338,18.1415450730791,24.0861027775662,3.86282138499878,13.1414245797901,4.78010538753503,18.6814929088525,22.7291649756052,195.634209643212,37.1011474018772,12.5945851801334,114.291666996038,0.131810548715293,0.318400041665882
109,2.84818865227513,2.44488703223038,17.5744692248556,24.6302712003179,0.994510311094649,12.6384624701596,2.14045882188973,18.235539669108,23.1044317294916,190.288555375913,34.4487221855728,13.3079119593182,109.884001773097,0.649551353882998,0.647803211817518
110,3.41928575889673,1.98624456793908,16.4589351107885,21.8537291608256,3.43454280891087,12.4368889467211,3.75260874742828,15.6942437020595,18.9561307307693,165.568774408183,31.128503517061,10.9355939839733,93.8573129822437,0.811261811293662,0.132879379438236
111,4.13427844507154,3.08021895286068,22.9979823578277,31.3133860858217,4.0079049430785,15.8528955493952,1.05070651923999,22.6883217627042,27.7166037936326,248.443987236077,44.3059122982551,18.0681857956456,142.498317023887,0.610611834097654,0.803382479585707
112,4.45320709266234,2.98898974610958,19.9540087726187,27.7197576750054,4.68072773745157,16.1409092849458,5.38879950200904,20.1951540493617,24.3422450920853,216.27278106084,40.3351080585313,15.0149398325991,119.27805360893,0.859840225894004,0.268232483649626
113,3.67929609599989,2.45471872087754,19.4909800189244,24.6798651196351,2.30063022315509,13.8779292165981,4.409038525372,19.0221471583308,23.3966474142148,201.176589535431,34.6182521414159,14.5108095780693,115.611797002776,0.333709072787315,0.712587004061788
114,4.33903279490769,3.05571883338504,21.6595308304623,27.2878685528522,2.58694169239093,12.8115752154081,3.77312858815035,21.3013235210626,26.4892938922269,227.469032357148,43.1911503831117,16.471598327601,125.183019780271,0.604951274581254,0.818050245288759
115,2.52705458825221,1.87213854992297,15.6382182806041,22.2013128173037,2.6393122444905,9.59609826045677,2.34058354336574,14.0362341553527,20.3698734329834,167.012095236796,31.9235466790596,10.9292227321983,92.8650676599411,0.718568720621988,0.704667231068015
116,3.40541068993043,1.52017791058868,17.6402948986482,23.5619577379868,1.73617996914544,10.5638392033876,3.9061319882265,18.6539225422785,22.2396398225451,182.690232663925,34.9079146078278,12.7945983537743,104.789164877449,0.58466708753258,0.139702467713505
117,4.7994095922634,3.22805317695066,21.3807782661864,27.891708013359,3.57365712705952,18.1798825436351,3.70559769016372,22.5612075275341,27.8049781937472,232.823265508518,43.8029216252692,15.8619681781649,128.813835332942,0.246795347426087,0.525794473476708
118,1.98149557201192,1.80144802908972,13.2035264747716,19.0377726462243,0.801466519371441,6.38709520550459,3.74810793063131,12.1181448273039,17.2686204375878,139.288259770065,27.3041326258938,10.4169784151079,83.9203216038764,0.433916042558849,0.128661871887743
119,3.80326524899108,3.05641961322911,21.7801632471496,29.2307955860063,3.25113457227186,13.8594963946016,3.9615502537551,21.3225313029739,27.5052173333727,234.706797481774,42.3361940784207,15.1792705888762,132.259852297689,0.7569353308063,0.673303737537935
120,6.12789577829419,3.46367437043879,26.5028605892787,34.7593521911603,4.01391865706547,21.6806063037656,4.08333243033068,26.1613609515632,31.1073768228244,283.023974806296,51.0205591919045,20.5985321571144,156.555359599985,0.54069644282572,0.707472088746727
121,2.05125866193557,1.73881686568726,9.24464553589821,12.0025583685502,1.70754836680062,8.08518364887468,1.8894227299989,7.42483313025274,10.9171542914083,94.4390934280373,17.4116188029903,7.82431961895495,51.6976105875386,0.332364555215463,0.14502841886133
122,3.47690328121418,2.38077284620795,19.5053569684336,26.4092233519009,2.26908502279838,12.1623640800977,4.97941493787949,19.1392309406499,22.6138570004571,204.559247165492,39.0629091546011,16.2761843151966,118.435765871787,0.661571121076122,0.197332496754825
123,5.80931112284539,3.1786415505372,27.9477857867534,37.0965886988127,5.52502534057483,20.1434696623064,3.63721834055541,29.472816783393,33.9580692646273,299.574158171047,55.4399398071578,20.695023379647,168.74803411915,0.772412791149691,0.60798183013685
124,4.25481102367397,2.43089929347299,22.9514074490052,30.5262808960811,2.9854836691638,17.4971262640582,4.33493196631224,21.0093463104574,29.443788639724,247.908525847501,46.0462624248143,17.7456378231843,140.761127700603,0.456809179857373,0.70370810944587
125,3.51770484768553,2.18116708468087,16.1727590745338,19.4129508918505,1.39270534839407,12.183746899551,2.91716483121997,16.0916176391992,19.9151636506302,165.701180086886,30.6767200678568,10.4597327565906,90.9364529885615,0.000313639873638749,0.00254860217683017
126,5.42263540521497,2.89840193391126,26.7352808613287,35.9485501702032,5.5219408462508,22.99686156743,6.1072218254735,27.398321317109,34.0337234890604,288.709866033711,50.5665662445766,19.2757319441774,162.879503876117,0.803577048005536,0.489806373603642
127,5.04547454325482,2.38388915810082,22.6788452693363,31.0327343380108,0.468905798989708,17.5656782322337,3.60679929247528,25.2018200056474,27.4903230767913,242.702423029016,44.3874339734626,18.7068317343711,136.009797900751,0.943993575870991,0.0852688008453697
128,4.25753494203556,2.85528919371963,21.9241971754501,27.2747891509758,2.36248248643503,15.5880169816363,5.56246432893504,22.2422459339736,26.394896769438,229.35351907811,42.4286142260788,13.6976786458471,124.764519214386,0.473270221613348,0.540316885802895
129,2.39608678554185,2.04724463268928,12.9929562341192,17.2798124708426,0.80966653442004,7.7263179296678,2.12233733165642,11.8030538751201,16.0130180142606,137.04498511154,23.8504652779008,9.581274115738,76.4348384799063,0.376369372475892,0.295763622503728
130,4.08537983976072,2.7029947391022,19.5205004148121,25.4487141220148,1.95174045371831,13.1167613303623,3.73720686072922,19.7904479723132,24.0255114851308,207.534401233929,38.1319594086012,13.5700326518717,116.98285086309,0.294472187990323,0.462436849949881
131,3.04625880659558,2.54601033059694,17.7725676398089,24.9615869365894,0.86366529585445,10.3629947961886,2.91902275177374,18.0613697188599,20.8279588537086,188.220364697625,33.5685036057359,12.2164521546818,104.522913806127,0.944101423025131,0.376713500823826
132,6.24629317083862,3.59340888289548,26.1925488276014,34.0951729619217,4.47619216351523,21.6638097494175,4.01214433227011,27.1148813157657,31.0594234397706,281.583407862734,50.5766012892096,19.584239173526,157.611868728695,0.642946512904018,0.529540380928665
133,5.46264436557656,2.41886343786772,22.4618762079263,29.2083430225292,4.1213529102052,20.0876929684105,4.61300178871988,24.3711364684495,29.0533969971455,241.745722428484,44.9672948273596,18.7781024680331,133.160613048619,0.574398623080924,0.239130099769682
134,3.62125883140834,2.2355144669069,17.2639753376134,23.0486756725004,2.96486419104676,13.7255728248125,4.23555098512263,16.5223145661015,20.5633428348292,186.595295136082,33.9018001609588,13.6588973686826,106.778690941815,0.167963345302269,0.71575681772083
135,3.67698131110752,2.1803153140666,17.0826551901936,23.802546248718,2.87430545800567,12.1893917321906,2.99930471573002,17.0614061557123,22.422028325314,177.699337191201,33.5416914640707,13.5211631190016,102.945487680709,0.868169792694971,0.317865767981857
136,1.14525945727946,1.08528980111703,10.5444494921699,13.5899922932806,0.911939021070698,3.53635249843329,2.51490092774698,11.3384057081712,11.9179649876678,114.289751558435,20.5205668874314,6.7483152935401,61.7591856000009,0.150170807028189,0.381018091691658
137,4.52256324901711,2.69336524809431,22.7546021733856,27.4017318658107,3.7734417406868,16.4153848027373,3.06376783582826,20.6740287127179,26.7856166709994,246.889706983418,45.591003741214,18.2337584325096,132.974252003934,0.0082252649590373,0.711747851921245
138,3.97512385817943,2.58281415378954,21.6150791561177,26.7083191328384,4.5089153377545,15.4292330681031,3.45524623781558,20.9560272517821,25.2427321441698,226.134363311285,42.9604399827737,14.6760203266484,121.824239352831,0.275812277337536,0.690002304501832
139,2.95058730727527,2.30083085365966,15.9933065877658,19.9399251624073,1.32846834835126,7.94881048605899,2.29884341769036,15.3623001798019,20.3669161682687,170.856949801569,30.1741211536251,11.7963017121353,95.5837034770862,0.105608533602208,0.32364691933617
140,3.99556961895432,2.49138274551835,17.3339852529276,21.5085677068691,2.81843011651804,17.5522610960251,3.94666810255875,15.7993140507632,19.8144959855643,180.030549926378,33.4758938306141,12.4291381090447,104.719280486907,0.0696047092787921,0.0571809757966548
141,5.29342593963491,3.29337584777083,26.9978883343259,36.0633393903466,3.53697072039286,21.1009947615253,2.85157074841208,27.1296016688505,33.5054105530943,288.266110591128,54.2594496635317,21.5611965490042,164.155435924375,0.889680076157674,0.880990045145154
142,2.95995551039465,2.14782668571081,18.0939713096555,24.8669852444155,2.32210204784236,10.4145701019896,1.68699352345797,17.188745492907,21.9622477561963,194.398333419392,36.662977804809,13.4332294458615,111.412947161224,0.39818328153342,0.967382535571232
143,0.974423053883947,1.69493889174424,8.16904830060601,10.4294914685787,1.18262055352122,2.88862255500746,2.36474957538828,4.4681831556285,9.44949435612974,82.5033026394213,15.7863281393706,7.44356043014331,50.2761168075396,0.0134212127886713,0.970661025028676
144,2.21038082771469,1.92850643081963,11.0246824130555,14.3500685531254,2.23213380283858,7.74242372943786,1.69084762069393,10.2166730988193,13.429248944676,118.401347024511,20.1452154396252,9.06890569059157,65.0329672376018,0.369692020583898,0.429602782707661
145,5.1704036143329,3.72605457228422,26.8018527366092,35.6035720476726,1.58783368046603,17.9349252948615,3.98624733519492,26.4790328110034,34.4179066632943,288.586855700576,54.9213248155284,20.2367708073639,162.549619677978,0.602959812618792,0.891553864814341
146,2.48474342764821,1.86018805962056,16.3197648084708,21.8946485749335,1.83960791332893,7.11508721699309,2.27263636537705,15.5813136204266,20.4652656340046,176.501265945026,33.8003900851265,13.565245784374,100.524306739308,0.31169724650681,0.927114840131253
147,2.83062329356093,1.97974626260251,17.7352061394338,22.531056292221,2.27081225224091,9.49220567140156,5.22169783132694,16.3835291398105,19.5319806856324,184.382945519433,33.3556160169243,13.7308715016876,102.105649794107,0.389614451676607,0.56256499607116
148,2.42172323559877,1.90553905452695,14.6809385279737,18.4124646861292,1.18961464245566,6.64384133205025,2.04897980046317,16.1095291473453,16.7866891637027,149.869645491027,26.4001146494718,9.2519477252455,82.6641540298173,0.507579213473946,0.0104786462616175
149,3.21458206729963,2.22937338222843,14.1922240093987,20.2727612884361,1.06190841716597,12.3882953342515,2.9043046018722,15.045441605021,17.5295609634981,151.949825440286,28.8827884642649,8.93609882660403,90.4057012454412,0.531599461566657,0.029789338586852
150,4.32000743989833,2.80460628728289,17.9514582888764,23.0263605266993,2.07133077165489,14.7505129676433,5.95459851971945,18.0145650813256,22.8004539076978,191.611213898606,36.832684161695,13.1908988857297,109.428411804877,0.108592549338937,0.128485036781058
151,3.7407425812725,2.13604934302345,19.3982607760502,25.6338562173998,0.320886130555264,13.5605496885457,2.9919600210191,20.196339816028,23.7913781137161,208.752330394462,37.3738384754008,13.954379219708,116.47462209818,0.493074907921255,0.163670328445733
152,2.97282010523602,2.76063952046726,17.5465314049596,22.3712455266262,2.93961903995969,12.9648811018396,2.300656480273,15.4663724321523,22.9117109885826,190.56753170377,34.7795573530132,13.7084316039148,107.405483014883,0.102981886826456,0.882689482765272
153,4.99813948486699,2.61803095385898,25.4478594805349,34.7585524666638,5.16376455923222,21.8413012131133,5.38572875263842,25.4522709548273,29.9500696376031,272.319990107598,51.0905259646415,18.5868642332105,153.062789496954,0.995506244944409,0.512042035348713
154,3.34118649217766,2.84958958548866,19.7313195586939,26.558808963983,3.73042603045494,10.939865490028,2.56410170864949,19.1438866146109,23.3434558693942,211.123560128644,38.2127068326318,14.8539292755312,117.154021503067,0.776049030944705,0.634865902364254
155,1.89004371667048,1.63910726428591,14.2137244859285,19.275340891909,1.28837437954091,5.57276208722141,2.841894468772,14.2337076182765,18.0965923515026,150.477534257589,27.7517868965185,11.6737977506129,85.2227424339179,0.451414374867454,0.817514987895265
156,5.37272546788212,3.60290610903781,25.4216666871154,32.9439102973714,3.50418199086058,23.0725715287252,2.87290972061769,26.1837603069131,30.3530932698411,268.245111414947,48.8391271389166,18.0374264218835,148.528587219158,0.717524447944015,0.702105288160965
157,4.18266707743518,2.88235047980119,20.4261199645658,26.5079194268629,2.80551810491698,14.4402426091053,3.88267019423378,17.525406180946,24.5718058390767,212.9590677525,38.465273112683,13.170027094188,121.97160736912,0.416439894586802,0.836051424732432
158,5.0308814869239,2.2645682515474,25.2476601239533,32.1663791317454,4.94906110839713,17.7082047713986,4.73075619114571,25.5836126484349,30.708270629529,264.024652138242,50.6375720704592,19.1789269478588,148.175336262654,0.535778154851869,0.153037834912539
159,1.17505829646019,1.61706359192636,7.70972565900467,11.3294166780935,2.81264505942712,2.3012246404027,0.549582942810576,5.41182144794683,8.69944435091169,81.7733224082766,14.2903043218324,5.55473320868413,51.3844584641833,0.155561944236979,0.742391214706004
160,5.92751299697207,3.53795259081386,29.1775983539543,37.8063002233786,4.91064903920154,24.2383499194187,7.31311085000431,30.427529517914,35.513472755871,306.985665320343,55.4911656568151,20.3093315969303,170.614156391149,0.829012784408405,0.201058858307078
161,5.18724631795892,2.99737009363528,23.0654504936618,29.9192612071153,3.23726366110666,16.5954851854009,3.96866638767818,22.3250907889381,27.7520571763037,251.141200038005,46.3086791324916,17.1484832399536,137.8481392679,0.508384290384129,0.963560414034873
162,2.26996220999164,2.20583420294058,15.5580860400459,20.5540225812052,1.58289768448909,7.38418008085296,3.21725497110061,14.1567947977903,19.799062327422,168.004298518999,32.0961816442474,9.82545946405225,94.2792193419037,0.27971368492581,0.797244301065803
163,3.75185813912889,3.09145838604681,21.3214938441017,27.9091188760098,2.54080520416903,15.0368185888104,4.10470496269135,20.3912321597306,24.9608793194481,221.334466510042,42.8474101219305,15.447928923543,125.266225117337,0.829852894647047,0.71068820473738
164,2.2252530116518,1.5143375071343,14.6850803277841,18.7082768555868,-0.262769203681031,6.65458130535616,2.12097335376546,12.7349256211166,18.0164691172796,150.005056613346,26.6807915740715,11.4396767182032,86.2659806877721,0.394682197133079,0.669662342173979
165,5.22977235279512,2.96432728059869,23.4761501798289,30.2194706839554,5.37422560956565,19.4158008654326,3.94250230927025,22.1198258501047,28.6374551356882,250.992976305999,47.5538406791724,18.3491653721755,140.620435188989,0.53961989376694,0.900180243188515
166,2.57888562006643,1.1565895624049,13.1567722718331,18.5786286481729,0.701815512416999,7.15641650369709,1.46257015708379,13.9135539701046,17.3248045776167,142.500243703039,24.565913386169,10.1373788484712,82.7257988495433,0.384161960566416,0.0313404316548258
167,6.04005901606288,2.64549055664334,25.2170643990383,34.9130122873919,4.04526199566517,23.5239510755769,6.16429072984574,29.1733090960174,31.5840415385118,271.140087355982,50.3991959514914,19.4915789975531,155.286742062065,0.826657130382955,0.0620012271683663
168,4.15334310579812,2.59178178396262,22.1819609952519,29.333934794973,2.476693436649,17.1096002852528,4.13881017626891,23.9907459290981,27.4401965149098,236.42413125793,44.4198109887957,17.0465787342632,130.14930976986,0.727787920972332,0.240479982225224
169,5.62476786166662,4.01174516470171,25.3213523040772,34.9345327514472,3.41891336278443,20.3790646961126,5.80390080177036,24.5462647457487,31.2121855656123,273.813469932048,50.2120293383735,21.073545776075,153.454097084174,0.976741384947672,0.864695427240804
170,7.16293378770119,4.58464606824238,31.6096759221312,41.1751112529437,4.91701822481893,26.8649505017014,5.5238790855049,31.0552743417493,39.0578841392077,336.522008472407,61.6860059340087,24.2490769673121,186.941845448554,0.880350648192689,0.999941857997328
171,4.62354146214435,3.44124500775803,23.653746232698,31.819487719444,2.57368182538557,18.1625717035471,4.92492383749845,24.2966591503539,29.1914541660657,254.643991075292,47.8807989835257,18.296182807931,142.608698850343,0.779556927038357,0.827816202770919
172,3.9037126526772,2.54897866234928,20.3434757059605,27.7634397841024,2.41528128831481,13.446629441025,5.29620503774629,19.4349312738021,23.7323825381241,212.235644132015,38.7420271144244,16.3155537355541,121.318354640098,0.933361756848171,0.233836456900463
173,2.92857583623147,1.93034830293339,14.0926461159742,17.0551662225632,2.45882397957833,11.5309005464653,3.10453085626707,14.9344637397396,18.1109660288549,145.015706215774,29.1295613849861,9.8942591040055,81.7506111257498,0.132994425715879,0.0531185632571578
174,2.79925497480435,2.2713797945017,16.3411460521765,21.9729107312879,1.85817663474873,11.0929015968539,3.25109725572322,12.059929246697,18.8327403540596,168.866055402206,31.6332447958352,11.1402589912246,94.9646391046574,0.74225161341019,0.763578989543021
175,2.59699762279633,2.10122619657312,16.2512890459713,21.4906422750437,3.95374867302574,11.776669119578,3.29832197265243,15.9472388394912,21.9107676274132,170.764568479353,31.5745783998564,11.3040220982797,92.3911456636761,0.737513990607113,0.737978409277275
176,3.42036972915288,2.66725280174892,19.060967709997,25.9695137260619,0.632760002928319,13.9874954234282,5.11028779182198,18.48603965731,22.1560659959471,204.535862072355,38.4105678403837,16.9292526918593,117.399716228058,0.652033851481974,0.557872774312273
177,5.48352826593444,2.6681813473003,25.9874071121072,34.5709874933599,2.49174644958005,18.5761394938031,6.23080302804284,25.8571253272339,32.0774612069884,279.755357503171,52.8084347772685,19.3341185587003,154.584377268669,0.939598301425576,0.489406071370468
178,3.21915962069295,2.04912706599385,15.971090771077,22.065518185838,0.432367390140749,13.3187468250207,4.95888855161216,14.1439055600296,17.7557711344273,169.911493501224,31.958676053579,12.1651531707912,93.1363796121106,0.941061004064977,0.374703215900809
179,3.81940279121278,2.6739900610419,18.5856538774661,22.1390933080788,2.18729450310422,13.612612286163,2.20159096272084,18.3311765372734,21.3795259657091,197.560971556198,35.0812688218354,13.4699647419143,106.678932015701,0.142813494196162,0.490576979704201
180,2.84782771212514,1.98557842010353,17.6814132999542,22.161895924256,2.79695614712007,12.2851248540235,3.58145379864193,16.0244594587848,23.3086518985371,184.323522610679,33.1812442275145,12.7117233889303,103.091387639122,0.390779600478709,0.870737520279363
181,3.4386461845506,2.20785528269224,15.8861308942157,21.6443067550096,0.246475065519032,10.1709973714781,3.14985352893136,15.1910942801839,19.8206785671363,167.155184106623,30.7536900595786,10.734072379689,94.6329892320164,0.770942948758602,0.148546294309199
182,5.10766681972425,2.98191840416566,25.9264068199163,32.461476109549,3.72079404492996,18.0727374875931,4.6758584379503,24.6139621185437,31.4009345921041,274.207986365374,50.1020993809954,20.9358657350847,154.264198918829,0.164322838187218,0.763262791093439
183,1.53116898751352,1.65560364911985,10.0463057352083,13.4506622630182,1.13917026529332,5.01372757783106,2.29438852122968,8.69695297336811,11.6701129213823,108.924032104184,20.0800204525072,9.00465745819634,60.3229459792127,0.218999386765063,0.78567157802172
184,2.76344588495325,1.34840751582664,13.0378889203311,17.6748841670443,0.0420398713964467,10.2071240328163,1.79519842153997,14.0971647793087,15.7523899098546,138.676094615591,28.2906446038782,8.10514643364154,81.1845533804956,0.353677982464433,0.0863476025406271
185,4.13043934350135,2.78671019910369,20.0580915806782,25.584684477356,3.22860675930971,14.456828074162,4.50439375469768,19.6034949866601,23.1058828167602,206.674392646214,39.6671133701858,13.8045179228394,118.786846174397,0.299745894735679,0.24642172222957
186,4.32647031124681,2.67675798043329,19.2781686236421,24.6471392682706,2.65342454739332,18.3442511296624,4.50791003245615,17.737157930487,24.2417397029555,200.481964805984,37.16124577863,14.185509693364,111.269776795592,0.466489548329264,0.319126118673012
187,2.70115073691122,2.01410886196885,13.7878529625565,17.2913768404359,0.686951764563189,9.73922167248789,4.57648883029389,10.8664553810793,16.1655238266318,146.612669844868,26.7770840437055,10.4146487095046,80.8816521622174,0.0863296771422029,0.873648701002821
188,2.70374177785125,2.81646367143374,14.8685942521993,19.6431340669812,1.72141530474548,7.27892636186711,1.63977155285254,12.9332185379525,17.3885480280746,156.773114259713,28.6588162366662,10.0618990290524,91.0644875647137,0.3793546394445,0.903226183494553
189,5.21434542379109,3.02676526119281,25.6265518747789,34.2600182525831,4.46761315898078,20.2424763293916,4.80089503487433,25.7086803507601,29.065032974832,271.520575383703,48.338211280545,19.7373191418737,152.709986860448,0.704264310421422,0.406087026000023
190,5.34100027093198,2.55037152437307,25.5352104241,33.8554331052549,3.21928558886541,18.7863700492796,5.79661535849479,26.4024451072921,30.7950459992488,266.447921080282,48.7457173592235,19.4967341613905,151.112417428612,0.643113811034709,0.376928147859871
191,4.01821401688969,2.23920589006692,19.0666632976359,24.1191705761309,2.17552609438591,14.4988206709815,3.67950149689747,19.4642934278756,24.0423807649867,202.254678100043,38.9353488672596,13.6850947643533,112.750912845095,0.15896137082018,0.119813302299008
192,2.05876589606749,2.20365594564751,12.2343734202792,14.3978253552879,2.38311856333416,5.66104758231904,2.25159964963758,8.71648619840002,14.6665105192476,121.006294600359,22.9123298219006,7.6821293830462,67.3250768078464,0.154275042237714,0.80305701890029
193,2.87582211124478,2.53881355465017,16.3243117103203,22.9352898939845,2.59285945366434,11.2043677720678,1.91890972247621,15.6472717773609,20.2290656467267,173.134488508679,31.3011711060119,12.6596183126293,97.8748568553156,0.961160046746954,0.641607481287792
194,3.43705749367829,2.15628951250762,18.3098718815668,25.4684874549357,2.88145893856372,10.2558492413939,4.07824681262723,17.1020024166663,22.6196147287482,195.08236354076,36.1592624598161,12.9767369718987,111.629481934883,0.860452613327652,0.748255944345146
195,3.50621055663331,2.69065507774986,19.4408643965112,26.1717678901934,1.38106580897118,11.8792121449094,1.22627810600225,18.8479603966812,21.3135008108639,204.492860568864,37.3559301218515,12.9883744757463,116.737386947574,0.525136383017525,0.505064450437203
196,6.03770591527456,3.01075397506077,26.2274899368311,35.7062178829057,4.85560178221249,23.6711922141781,5.52045156505216,25.5795620052492,33.0830704700429,282.737384861625,51.4368904622518,20.0652481920127,162.228753643585,0.833756746491417,0.588105615228415
197,1.40746939959703,1.87763140724413,8.9762501938694,11.7951394606287,-0.00157685883475978,0.793463315152241,0.390105421228209,5.76023839739353,10.9323976745499,92.3181768403913,16.4257305586317,7.17162655710054,53.9039354694506,0.15483051375486,0.986421693814918
198,4.80876281825593,3.14295831882674,25.5634147096673,32.2582207458623,1.91466231942171,17.5433392391432,3.84277088059587,25.3093760703711,32.5056411198809,271.902127104262,51.6869577680828,20.7241668180258,150.498700470909,0.349621267756447,0.943645675200969
199,5.23668061909964,3.00085560955387,27.3548744980493,36.5441332009312,2.62068834485386,20.0481406922986,7.19555790452467,27.9006188614977,32.1149310491081,291.148913668266,53.6511873287195,19.4042817784909,163.979527284796,0.813006609911099,0.580248221289366
200,4.9253822107194,3.5786580726821,25.4863299363089,33.0103319198393,1.25441402708623,17.2414576595601,4.57724439317116,24.2118888375606,30.3036998348885,269.612276579659,51.1826357481739,18.6043468743527,153.276966124779,0.459389953874052,0.686823482159525
