All variables: ['eta1', 'eta2', 'eta3', 'eta4', 'x1', 'x2', 'x3', 'x4', 'y1', 'y2', 'y3', 'y4', 'y5', 'y6', 'y7', 'y8']
Observable variables: ['x3', 'x4', 'x1', 'x2', 'y1', 'y2', 'y3', 'y4', 'y5', 'y6', 'y7', 'y8']
Structural part: ['eta1', 'eta2', 'eta3', 'eta4', 'x1', 'x2', 'x3', 'x4']
Measurement part: ['y1', 'y2', 'y3', 'y4', 'y5', 'y6', 'y7', 'y8', 'x1', 'x2', 'x3', 'x4']
Latent varaibles: ['eta1', 'eta2', 'eta3', 'eta4']
Endogenous variables: ['eta3', 'eta4', 'x3', 'x4']
Exogenous variables: ['eta1', 'eta2', 'x1', 'x2']
Beta
Shape: (8, 8)
        eta1   eta2  eta3  eta4     x1     x2   x3   x4
eta1   0.000  0.000   0.0   0.0  0.000  0.000  0.0  0.0
eta2   0.000  0.000   0.0   0.0  0.000  0.000  0.0  0.0
eta3   0.000  0.212   0.0   0.0  0.845  0.000  0.0  0.0
eta4   3.226  0.000   0.0   0.0  0.000  1.466  0.0  0.0
x1     0.000  0.000   0.0   0.0  0.000  0.000  0.0  0.0
x2     0.000  0.000   0.0   0.0  0.000  0.000  0.0  0.0
x3    10.222  9.180   0.0   0.0  0.000  0.000  0.0  0.0
x4     0.000  0.000   0.0   0.0  6.222  2.431  0.0  0.0
Lambda
Shape: (12, 8)
     eta1   eta2   eta3   eta4   x1   x2   x3   x4
y1  1.000  0.000  0.000  0.000  0.0  0.0  0.0  0.0
y2  3.834  0.000  0.000  0.000  0.0  0.0  0.0  0.0
y3  0.000  1.000  0.000  0.000  0.0  0.0  0.0  0.0
y4  0.000  3.633  0.000  0.000  0.0  0.0  0.0  0.0
y5  0.000  0.000  1.000  0.000  0.0  0.0  0.0  0.0
y6  0.000  0.000  5.784  0.000  0.0  0.0  0.0  0.0
y7  0.000  0.000  0.000  1.000  0.0  0.0  0.0  0.0
y8  0.000  0.000  0.000  6.819  0.0  0.0  0.0  0.0
x1  0.000  0.000  0.000  0.000  1.0  0.0  0.0  0.0
x2  0.000  0.000  0.000  0.000  0.0  1.0  0.0  0.0
x3  0.000  0.000  0.000  0.000  0.0  0.0  1.0  0.0
x4  0.000  0.000  0.000  0.000  0.0  0.0  0.0  1.0
Psi
Shape: (8, 8)
       eta1   eta2   eta3   eta4     x1     x2     x3     x4
eta1  0.940  0.106  0.000  0.000  0.000  0.000  0.000  0.000
eta2  0.106  1.071  0.000  0.000  0.000  0.000  0.000  0.000
eta3  0.000  0.000  0.756  0.027  0.000  0.000  0.000  0.023
eta4  0.000  0.000  0.027  0.845  0.000  0.000  0.000  0.000
x1    0.000  0.000  0.000  0.000  0.891 -0.081  0.000  0.000
x2    0.000  0.000  0.000  0.000 -0.081  1.047  0.000  0.000
x3    0.000  0.000  0.000  0.000  0.000  0.000  2.929  0.146
x4    0.000  0.000  0.023  0.000  0.000  0.000  0.146  0.986
Theta
Shape: (12, 12)
       y1     y2     y3     y4     y5     y6     y7     y8   x1   x2   x3   x4
y1  0.963  0.000  0.000  0.000  0.000  0.000  0.000  0.000  0.0  0.0  0.0  0.0
y2  0.000  1.228  0.000  0.000  0.000  0.000  0.000  0.000  0.0  0.0  0.0  0.0
y3  0.000  0.000  0.968  0.000  0.000  0.000  0.000  0.000  0.0  0.0  0.0  0.0
y4  0.000  0.000  0.000  0.469  0.000  0.000  0.000  0.000  0.0  0.0  0.0  0.0
y5  0.000  0.000  0.000  0.000  0.764  0.000  0.000  0.000  0.0  0.0  0.0  0.0
y6  0.000  0.000  0.000  0.000  0.000  7.512  0.000  0.000  0.0  0.0  0.0  0.0
y7  0.000  0.000  0.000  0.000  0.000  0.000  0.969  0.000  0.0  0.0  0.0  0.0
y8  0.000  0.000  0.000  0.000  0.000  0.000  0.000  3.312  0.0  0.0  0.0  0.0
x1  0.000  0.000  0.000  0.000  0.000  0.000  0.000  0.000  0.0  0.0  0.0  0.0
x2  0.000  0.000  0.000  0.000  0.000  0.000  0.000  0.000  0.0  0.0  0.0  0.0
x3  0.000  0.000  0.000  0.000  0.000  0.000  0.000  0.000  0.0  0.0  0.0  0.0
x4  0.000  0.000  0.000  0.000  0.000  0.000  0.000  0.000  0.0  0.0  0.0  0.0
Empirical covariance matrix:
Shape: (12, 12)
        y1      y2      y3      y4     y5      y6      y7       y8     x1      x2       x3      x4
y1   1.903   3.570   0.079   0.610 -0.002   0.317   3.217   21.207 -0.051   0.089   11.246  -0.195
y2   3.570  15.046   0.395   1.540 -0.367  -1.379  12.091   82.179 -0.268   0.276   40.674  -0.990
y3   0.079   0.395   2.040   3.890  0.286   1.316  -0.040    0.973  0.065  -0.094   10.832   0.324
y4   0.610   1.540   3.890  14.610  0.831   4.445   0.776    7.633 -0.064  -0.033   39.708  -0.397
y5  -0.002  -0.367   0.286   0.831  2.201   8.312  -0.082   -0.397  0.748   0.108    1.461   4.925
y6   0.317  -1.379   1.316   4.445  8.312  55.584  -0.003    2.141  4.349   0.633    8.181  28.781
y7   3.217  12.091  -0.040   0.776 -0.082  -0.003  14.287   90.817 -0.300   1.694   33.139   2.150
y8  21.207  82.179   0.973   7.633 -0.397   2.141  90.817  622.595 -1.822  11.500  233.231  16.177
x1  -0.051  -0.268   0.065  -0.064  0.748   4.349  -0.300   -1.822  0.891  -0.081   -0.649   5.345
x2   0.089   0.276  -0.094  -0.033  0.108   0.633   1.694   11.500 -0.081   1.047    0.200   2.042
x3  11.246  40.674  10.832  39.708  1.461   8.181  33.139  233.231 -0.649   0.200  211.362  -3.291
x4  -0.195  -0.990   0.324  -0.397  4.925  28.781   2.150   16.177  5.345   2.042   -3.291  39.214
Model-implied covariance matrix:
Shape: (12, 12)
        y1      y2      y3      y4     y5      y6      y7       y8     x1      x2       x3      x4
y1   1.903   3.604   0.106   0.386  0.022   0.130   3.032   20.678  0.000  -0.000   10.583   0.000
y2   3.604  15.046   0.408   1.481  0.086   0.499  11.628   79.287  0.000  -0.000   40.579   0.000
y3   0.106   0.408   2.039   3.891  0.227   1.311   0.343    2.339  0.000  -0.000   10.919   0.000
y4   0.386   1.481   3.891  14.607  0.823   4.762   1.246    8.496  0.000  -0.000   39.669   0.000
y5   0.022   0.086   0.227   0.823  2.204   8.334  -0.001   -0.008  0.753  -0.068    2.310   4.541
y6   0.130   0.499   1.311   4.762  8.334  55.716  -0.007   -0.047  4.356  -0.396   13.360  26.268
y7   3.032  11.628   0.343   1.246 -0.001  -0.007  13.847   87.817 -0.119   1.535   34.144   2.993
y8  20.678  79.287   2.339   8.496 -0.008  -0.047  87.817  602.125 -0.809  10.465  232.826  20.410
x1   0.000   0.000   0.000   0.000  0.753   4.356  -0.119   -0.809  0.891  -0.081    0.000   5.345
x2  -0.000  -0.000  -0.000  -0.000 -0.068  -0.396   1.535   10.465 -0.081   1.047   -0.000   2.042
x3  10.583  40.579  10.919  39.669  2.310  13.360  34.144  232.826  0.000  -0.000  211.333   0.146
x4   0.000   0.000   0.000   0.000  4.541  26.268   2.993   20.410  5.345   2.042    0.146  39.203
Euclidian difference between them: 24.9230293788
