All variables: ['eta1', 'eta2', 'eta3', 'eta4', 'x1', 'x2', 'x3', 'x4', 'y1', 'y2', 'y3', 'y4', 'y5', 'y6', 'y7', 'y8', 'y9']
Observable variables: ['x1', 'x2', 'x3', 'x4', 'y1', 'y2', 'y3', 'y4', 'y5', 'y6', 'y7', 'y8', 'y9']
Structural part: ['eta1', 'eta2', 'eta3', 'eta4', 'x1', 'x2', 'x3', 'x4']
Measurement part: ['y1', 'y2', 'y3', 'y4', 'y5', 'y6', 'y7', 'y8', 'y9', 'x1', 'x2', 'x3', 'x4']
Latent varaibles: ['eta1', 'eta2', 'eta3', 'eta4']
Endogenous variables: ['eta2', 'eta3', 'eta4', 'x1', 'x2', 'x3', 'x4']
Exogenous variables: ['eta1']
Beta
Shape: (8, 8)
      eta1  eta2  eta3  eta4   x1   x2   x3   x4
eta1   0.0   0.0   0.0   0.0  0.0  0.0  0.0  0.0
eta2   0.0   0.0   0.0   0.0  0.0  0.0  0.0  0.0
eta3   0.0   0.0   0.0   0.0  0.0  0.0  0.0  0.0
eta4   0.0   0.0   0.0   0.0  0.0  0.0  0.0  0.0
x1     0.0   0.0   0.0   0.0  0.0  0.0  0.0  0.0
x2     0.0   0.0   0.0   0.0  0.0  0.0  0.0  0.0
x3     0.0   0.0   0.0   0.0  0.0  0.0  0.0  0.0
x4     0.0   0.0   0.0   0.0  0.0  0.0  0.0  0.0
Lambda
Shape: (13, 8)
     eta1   eta2   eta3   eta4   x1   x2   x3   x4
y1  1.000  0.000  0.000  0.000  0.0  0.0  0.0  0.0
y2  2.889  0.000  0.000  0.000  0.0  0.0  0.0  0.0
y3  0.000  1.000  0.000  0.000  0.0  0.0  0.0  0.0
y4  0.000  3.006  0.000  0.000  0.0  0.0  0.0  0.0
y5  0.000  0.000  1.000  0.000  0.0  0.0  0.0  0.0
y6  0.000  0.000  8.520  0.000  0.0  0.0  0.0  0.0
y7  0.000  0.000  1.577  0.000  0.0  0.0  0.0  0.0
y8  0.000  0.000  0.000  1.000  0.0  0.0  0.0  0.0
y9  0.000  0.000  0.000  7.504  0.0  0.0  0.0  0.0
x1  0.000  0.000  0.000  0.000  1.0  0.0  0.0  0.0
x2  0.000  0.000  0.000  0.000  0.0  1.0  0.0  0.0
x3  0.000  0.000  0.000  0.000  0.0  0.0  1.0  0.0
x4  0.000  0.000  0.000  0.000  0.0  0.0  0.0  1.0
Psi
Shape: (8, 8)
      eta1  eta2  eta3  eta4     x1     x2      x3      x4
eta1  0.05  0.00  0.00  0.00  0.000  0.000   0.000   0.000
eta2  0.00  0.05  0.00  0.00  0.000  0.000   0.000   0.000
eta3  0.00  0.00  0.05  0.00  0.000  0.000   0.000   0.000
eta4  0.00  0.00  0.00  0.05  0.000  0.000   0.000   0.000
x1    0.00  0.00  0.00  0.00  0.996  0.000   0.000   0.000
x2    0.00  0.00  0.00  0.00  0.000  0.236   0.000   0.000
x3    0.00  0.00  0.00  0.00  0.000  0.000  15.949   0.000
x4    0.00  0.00  0.00  0.00  0.000  0.000   0.000  27.553
Theta
Shape: (13, 13)
       y1      y2     y3      y4      y5        y6      y7     y8       y9   x1   x2   x3   x4
y1  1.001   0.000  0.000   0.000   0.000     0.000   0.000  0.000    0.000  0.0  0.0  0.0  0.0
y2  0.000  16.659  0.000   0.000   0.000     0.000   0.000  0.000    0.000  0.0  0.0  0.0  0.0
y3  0.000   0.000  1.164   0.000   0.000     0.000   0.000  0.000    0.000  0.0  0.0  0.0  0.0
y4  0.000   0.000  0.000  18.798   0.000     0.000   0.000  0.000    0.000  0.0  0.0  0.0  0.0
y5  0.000   0.000  0.000   0.000  25.388     0.000   0.000  0.000    0.000  0.0  0.0  0.0  0.0
y6  0.000   0.000  0.000   0.000   0.000  1876.856   0.000  0.000    0.000  0.0  0.0  0.0  0.0
y7  0.000   0.000  0.000   0.000   0.000     0.000  64.697  0.000    0.000  0.0  0.0  0.0  0.0
y8  0.000   0.000  0.000   0.000   0.000     0.000   0.000  9.505    0.000  0.0  0.0  0.0  0.0
y9  0.000   0.000  0.000   0.000   0.000     0.000   0.000  0.000  566.207  0.0  0.0  0.0  0.0
x1  0.000   0.000  0.000   0.000   0.000     0.000   0.000  0.000    0.000  0.0  0.0  0.0  0.0
x2  0.000   0.000  0.000   0.000   0.000     0.000   0.000  0.000    0.000  0.0  0.0  0.0  0.0
x3  0.000   0.000  0.000   0.000   0.000     0.000   0.000  0.000    0.000  0.0  0.0  0.0  0.0
x4  0.000   0.000  0.000   0.000   0.000     0.000   0.000  0.000    0.000  0.0  0.0  0.0  0.0
Empirical covariance matrix:
Shape: (13, 13)
        y1       y2      y3       y4       y5        y6       y7       y8        y9      x1      x2       x3       x4
y1   2.001    5.781   1.150    5.774    6.792    58.763   10.828    4.043    31.972   1.390   0.569    5.409    6.990
y2   5.781   33.318   6.666   32.944   38.131   330.380   61.127   22.892   181.345   7.865   3.212   30.497   39.716
y3   1.150    6.666   2.329    7.000    8.166    71.202   13.223    4.946    39.153   1.643   0.667    6.593    8.710
y4   5.774   32.944   7.000   37.596   42.494   368.181   68.184   25.321   201.805   8.279   3.409   33.913   44.472
y5   6.792   38.131   8.166   42.494   50.776   432.617   80.090   29.860   237.132   9.590   4.148   39.846   52.087
y6  58.763  330.380  71.202  368.181  432.617  3753.711  694.162  259.357  2056.036  83.078  36.150  345.498  451.523
y7  10.828   61.127  13.223   68.184   80.090   694.162  129.395   47.900   380.293  15.354   6.621   63.890   83.503
y8   4.043   22.892   4.946   25.321   29.860   259.357   47.900   19.009   142.646   5.740   2.508   23.888   31.313
y9  31.972  181.345  39.153  201.805  237.132  2056.036  380.293  142.646  1132.413  45.503  19.748  189.281  248.524
x1   1.390    7.865   1.643    8.279    9.590    83.078   15.354    5.740    45.503   1.992   0.820    7.656    9.972
x2   0.569    3.212   0.667    3.409    4.148    36.150    6.621    2.508    19.748   0.820   0.472    3.333    4.310
x3   5.409   30.497   6.593   33.913   39.846   345.498   63.890   23.888   189.281   7.656   3.333   31.897   41.599
x4   6.990   39.716   8.710   44.472   52.087   451.523   83.503   31.313   248.524   9.972   4.310   41.599   55.106
Model-implied covariance matrix:
Shape: (13, 13)
       y1      y2     y3     y4      y5        y6      y7     y8       y9     x1     x2      x3      x4
y1  1.051   0.144  0.000   0.00   0.000     0.000   0.000  0.000    0.000  0.000  0.000   0.000   0.000
y2  0.144  17.076  0.000   0.00   0.000     0.000   0.000  0.000    0.000  0.000  0.000   0.000   0.000
y3  0.000   0.000  1.214   0.15   0.000     0.000   0.000  0.000    0.000  0.000  0.000   0.000   0.000
y4  0.000   0.000  0.150  19.25   0.000     0.000   0.000  0.000    0.000  0.000  0.000   0.000   0.000
y5  0.000   0.000  0.000   0.00  25.438     0.426   0.079  0.000    0.000  0.000  0.000   0.000   0.000
y6  0.000   0.000  0.000   0.00   0.426  1880.485   0.672  0.000    0.000  0.000  0.000   0.000   0.000
y7  0.000   0.000  0.000   0.00   0.079     0.672  64.822  0.000    0.000  0.000  0.000   0.000   0.000
y8  0.000   0.000  0.000   0.00   0.000     0.000   0.000  9.555    0.375  0.000  0.000   0.000   0.000
y9  0.000   0.000  0.000   0.00   0.000     0.000   0.000  0.375  569.022  0.000  0.000   0.000   0.000
x1  0.000   0.000  0.000   0.00   0.000     0.000   0.000  0.000    0.000  0.996  0.000   0.000   0.000
x2  0.000   0.000  0.000   0.00   0.000     0.000   0.000  0.000    0.000  0.000  0.236   0.000   0.000
x3  0.000   0.000  0.000   0.00   0.000     0.000   0.000  0.000    0.000  0.000  0.000  15.949   0.000
x4  0.000   0.000  0.000   0.00   0.000     0.000   0.000  0.000    0.000  0.000  0.000   0.000  27.553
Euclidian difference between them: 3977.44734695
